2.982094527792070697e-24 6.370095171528999289e-25 -1.419662798076335887e-23 1.368179127868806802e-23 4.373648564246427073e-23 -9.984687459442709038e-23 -8.551352709466978301e-23 4.686186642887070303e-22 2.187148436005887181e-24 -1.807513114547370608e-21 9.042155153140128827e-22 6.724230776596548082e-21 -4.354150084340223729e-21 -2.260927076137256085e-20 8.270343438817661797e-20 1.060004067866805226e-18 1.096285290772472612e-17 1.026346271316410880e-16 8.637637762166049228e-16 6.533275050838974513e-15 4.451999862718469218e-14 2.739500129398802671e-13 1.525917657560746728e-12 7.713421285703351997e-12 3.547983523571502712e-11 1.489078015830597064e-10 5.717520392921363697e-10 2.013347288213576501e-09 6.516011058540801585e-09 1.941664651195535975e-08 5.334361859445634664e-08 1.352039020298065197e-07 3.164507414007585969e-07 6.864235696464230978e-07 1.387281344803986439e-06 2.625541319083509148e-06 4.672628864035068482e-06 7.848341169926912857e-06 1.249051289864119386e-05 1.891101317773885045e-05 2.734058418026198752e-05 3.786064853015740599e-05 5.033832547939545455e-05 6.437963602877142682e-05 7.931657186459713715e-05 9.421824675139061278e-05 1.080259073846883387e-04 1.196291924028512765e-04 1.280135167731651764e-04 1.324110915436975931e-04 1.324110915436976744e-04 1.280135167731652306e-04 1.196291924028512358e-04 1.080259073846883794e-04 9.421824675139062633e-05 7.931657186459720491e-05 6.437963602877145393e-05 5.033832547939545455e-05 3.786064853015741276e-05 2.734058418026199768e-05 1.891101317773885045e-05 1.249051289864119556e-05 7.848341169926911163e-06 4.672628864035068482e-06 2.625541319083507877e-06 1.387281344803984956e-06 6.864235696464218272e-07 3.164507414007578557e-07 1.352039020298059903e-07 5.334361859445606871e-08 1.941664651195524725e-08 6.516011058540765189e-09 2.013347288213564920e-09 5.717520392921333711e-10 1.489078015830591635e-10 3.547983523571486556e-11 7.713421285703319685e-12 1.525917657560740670e-12 2.739500129398826400e-13 4.451999862718740587e-14 6.533275050839413120e-15 8.637637762158104412e-16 1.026346271309584399e-16 1.096285290758085916e-17 1.060004068047516388e-18 8.270343457158990807e-20 -2.260927069325563863e-20 -4.354150117108642043e-21 6.724230718179355361e-21 9.042154998052165623e-22 -1.807513096224947309e-21 2.187160335203285032e-24 4.686186607024157657e-22 -8.551353204385410672e-23 -9.984687421344733767e-23 4.373648730795420231e-23 1.368179135343385997e-23 -1.419662847911578463e-23 6.370094281560332633e-25 2.982094650113152161e-24
6.370095171528999289e-25 -1.620673931802634579e-23 1.351736831408842266e-23 5.330791573826797122e-23 -1.130421786176267674e-22 -1.094900365961309377e-22 5.575539211902372529e-22 3.431705828631772553e-24 -2.203824772921689371e-21 1.295070812116683273e-21 8.123950446606445679e-21 -6.980788630201928751e-21 -2.669673354838274384e-20 1.338717071118960447e-19 1.582323372834482250e-18 1.750914159483656150e-17 1.714424583529386048e-16 1.509493264011249240e-15 1.196437417875276677e-14 8.553306010841461274e-14 5.527034122693671703e-13 3.235208752151340859e-12 1.719326840361070536e-11 8.315937260205733388e-11 3.669848095780950616e-10 1.481330669373807503e-09 5.482046314560333166e-09 1.863874140954689442e-08 5.831886345309737908e-08 1.681573016631504273e-07 4.473284445951509083e-07 1.098829296179019924e-06 2.497196412424314910e-06 5.273642394846222384e-06 1.040576574118366691e-05 1.927676963446229745e-05 3.366216977310380952e-05 5.561207909880022513e-05 8.724603436177798786e-05 1.304621174816778949e-04 1.865787162712062889e-04 2.559036473695540468e-04 3.373544973836226199e-04 4.282073537730619536e-04 5.240610910688416318e-04 6.189775349181541979e-04 7.063440851532095961e-04 7.793379599044361660e-04 8.318413976749989896e-04 8.592957402375981518e-04 8.592957402375980434e-04 8.318413976749987728e-04 7.793379599044361660e-04 7.063440851532095961e-04 6.189775349181543063e-04 5.240610910688417402e-04 4.282073537730618452e-04 3.373544973836226199e-04 2.559036473695540468e-04 1.865787162712063160e-04 1.304621174816778949e-04 8.724603436177800141e-05 5.561207909880022513e-05 3.366216977310380952e-05 1.927676963446228389e-05 1.040576574118366014e-05 5.273642394846215608e-06 2.497196412424308981e-06 1.098829296179016113e-06 4.473284445951486849e-07 1.681573016631495273e-07 5.831886345309706806e-08 1.863874140954678854e-08 5.482046314560306697e-09 1.481330669373801506e-09 3.669848095780936141e-10 8.315937260205706246e-11 1.719326840361065366e-11 3.235208752151336416e-12 5.527034122693739355e-13 8.553306010841910609e-14 1.196437417875291823e-14 1.509493264009610579e-15 1.714424583518493111e-16 1.750914159472009051e-17 1.582323373104060635e-18 1.338717073340190822e-19 -2.669673346154679668e-20 -6.980788659877761735e-21 8.123950383501289704e-21 1.295070792759910709e-21 -2.203824754225103023e-21 3.431719424723741300e-24 5.575539178546999982e-22 -1.094900421825694041e-22 -1.130421784527004196e-22 5.330791763258648626e-23 1.351736850263415478e-23 -1.620673987712404374e-23 6.370093991944717911e-25
-1.419662798076335887e-23 1.351736831408842266e-23 5.422316626341720152e-23 -1.165660741686096621e-22 -1.083667258238307948e-22 5.851837704966312758e-22 -5.249569786775501810e-23 -2.310713767641211985e-21 1.741308731222681356e-21 8.347482688913181022e-21 -9.266835999001758410e-21 -2.638377980198666253e-20 1.818838401075648297e-19 2.128660477287919651e-18 2.415355910455252812e-17 2.442791259787050716e-16 2.222753431555891911e-15 1.822540031637837413e-14 1.348864880985754983e-13 9.028634353246316316e-13 5.476304191443529846e-12 3.016204078606772368e-11 1.511809481711381560e-10 6.911953142600415166e-10 2.889289943532211141e-09 1.106741031556418329e-08 3.892509111579437892e-08 1.258996560384759475e-07 3.748928563265731569e-07 1.028575474938114145e-06 2.602510596752300326e-06 6.081051185384915017e-06 1.316567817087147854e-05 2.655569381750692851e-05 5.018251118479293563e-05 8.925931856968212931e-05 1.500505725801379948e-04 2.393328734121426640e-04 3.636465485261172899e-04 5.282965995893687539e-04 7.361068162358458834e-04 9.861244033070640756e-04 1.272767829892542226e-03 1.585431724407774644e-03 1.908715340832883682e-03 2.223372395569439986e-03 2.508860021929120755e-03 2.744561158718941598e-03 2.912605823099617512e-03 2.999981637743313109e-03 2.999981637743312241e-03 2.912605823099618380e-03 2.744561158718942032e-03 2.508860021929121189e-03 2.223372395569440420e-03 1.908715340832883899e-03 1.585431724407774861e-03 1.272767829892542443e-03 9.861244033070645093e-04 7.361068162358462086e-04 5.282965995893687539e-04 3.636465485261172899e-04 2.393328734121427182e-04 1.500505725801379677e-04 8.925931856968210220e-05 5.018251118479289497e-05 2.655569381750689124e-05 1.316567817087144974e-05 6.081051185384891300e-06 2.602510596752288468e-06 1.028575474938108215e-06 3.748928563265709863e-07 1.258996560384752328e-07 3.892509111579418701e-08 1.106741031556413697e-08 2.889289943532200388e-09 6.911953142600398622e-10 1.511809481711378716e-10 3.016204078606766552e-11 5.476304191443517730e-12 9.028634353246389017e-13 1.348864880985821373e-13 1.822540031637988243e-14 2.222753431554486950e-15 2.442791259774276100e-16 2.415355910426016271e-17 2.128660477493560436e-18 1.818838403212912460e-19 -2.638377971328022813e-20 -9.266836022376341325e-21 8.347482631167851971e-21 1.741308711744881398e-21 -2.310713751366350134e-21 -5.249568471841118789e-23 5.851837680710567053e-22 -1.083667312802573995e-22 -1.165660743993064470e-22 5.422316817125736930e-23 1.351736864482192795e-23 -1.419662846468438742e-23
1.368179127868806802e-23 5.330791573826797122e-23 -1.165660741686096621e-22 -1.068997110003052947e-22 5.984610792359995206e-22 -9.755254635853015037e-23 -2.358602207564934855e-21 2.110463230147204665e-21 8.335360291538994709e-21 -1.119084131464311886e-20 -2.485073090882160878e-20 2.285580978721865221e-19 2.717256500253394824e-18 3.166949612032140834e-17 3.308184336842836026e-16 3.108638312429402738e-15 2.635190527407033802e-14 2.018214157557378816e-13 1.399021319065714185e-12 8.793412770415913049e-12 5.020799715114060704e-11 2.609354580333344814e-10 1.236958778309759382e-09 5.360288798862649752e-09 2.127968244734018898e-08 7.754153489397253282e-08 2.597624643786806731e-07 8.008252709494057721e-07 2.273284384370846700e-06 5.945154926944742886e-06 1.434104643691170295e-05 3.199011146657834860e-05 6.630395237406867847e-05 1.284568101226417315e-04 2.338985677571477897e-04 4.021082035175350521e-04 6.553654927815208680e-04 1.016527512440954396e-03 1.506501622521845638e-03 2.140787703353845550e-03 2.925680916165012291e-03 3.854400613877035156e-03 4.903737624876726778e-03 6.032891095064504307e-03 7.185181516138896933e-03 8.293448532452559613e-03 9.288078087612641059e-03 1.010200314937368705e-02 1.067866127930268243e-02 1.097740840142925542e-02 1.097740840142925542e-02 1.067866127930267896e-02 1.010200314937368879e-02 9.288078087612639325e-03 8.293448532452559613e-03 7.185181516138896933e-03 6.032891095064505174e-03 4.903737624876726778e-03 3.854400613877037758e-03 2.925680916165012725e-03 2.140787703353846418e-03 1.506501622521845638e-03 1.016527512440954613e-03 6.553654927815208680e-04 4.021082035175348353e-04 2.338985677571475458e-04 1.284568101226415688e-04 6.630395237406855650e-05 3.199011146657826729e-05 1.434104643691164535e-05 5.945154926944709005e-06 2.273284384370834842e-06 8.008252709494009017e-07 2.597624643786793496e-07 7.754153489397220195e-08 2.127968244734011950e-08 5.360288798862638998e-09 1.236958778309757728e-09 2.609354580333342229e-10 5.020799715114057473e-11 8.793412770415906587e-12 1.399021319065719435e-12 2.018214157557438391e-13 2.635190527407186210e-14 3.108638312428236802e-15 3.308184336832279095e-16 3.166949612009494363e-17 2.717256500422324303e-18 2.285580980528461658e-19 -2.485073083467831334e-20 -1.119084133126862033e-20 8.335360244348047633e-21 2.110463211408519444e-21 -2.358602195197732951e-21 -9.755253380600469732e-23 5.984610781875281489e-22 -1.068997163237013213e-22 -1.165660748948155195e-22 5.330791756282194273e-23 1.368179169821086108e-23
4.373648564246427073e-23 -1.130421786176267674e-22 -1.083667258238307948e-22 5.984610792359995206e-22 -1.129532220074745609e-22 -2.373011999574089030e-21 2.341263426043116986e-21 8.248865225878497053e-21 -1.264889719124914746e-20 -2.281847752691749679e-20 2.692494732204112438e-19 3.299817676672379955e-18 3.949765842854559396e-17 4.252670147873209808e-16 4.121639945606196678e-15 3.607289890267698045e-14 2.855145986442369325e-13 2.047113387518510675e-12 1.331766857462899629e-11 7.874283209384168641e-11 4.238982697269973116e-10 2.081639594900674029e-09 9.343498320766008339e-09 3.841007540179231382e-08 1.448866025810182577e-07 5.022703894279045198e-07 1.601858104934620736e-06 4.701796709033156524e-06 1.270248046282475640e-05 3.160673774698186074e-05 7.258113810186379530e-05 1.544436853499320369e-04 3.063215758327132417e-04 5.697500770316985636e-04 9.986960869669825325e-04 1.657381094397141234e-03 2.615672131872982028e-03 3.943858721724755219e-03 5.700389819657340415e-03 7.913916329891565460e-03 1.057221625923648704e-02 1.362002993497473183e-02 1.696792957415534792e-02 2.050663856351965519e-02 2.410357514327549425e-02 2.758748057814495655e-02 3.074628647417768784e-02 3.335596450736964813e-02 3.521930636679914545e-02 3.618998232517776914e-02 3.618998232517776914e-02 3.521930636679916626e-02 3.335596450736965507e-02 3.074628647417769825e-02 2.758748057814495655e-02 2.410357514327549772e-02 2.050663856351965172e-02 1.696792957415534792e-02 1.362002993497473703e-02 1.057221625923648878e-02 7.913916329891565460e-03 5.700389819657341282e-03 3.943858721724756086e-03 2.615672131872982462e-03 1.657381094397140583e-03 9.986960869669816651e-04 5.697500770316981300e-04 3.063215758327126996e-04 1.544436853499316033e-04 7.258113810186352425e-05 3.160673774698170488e-05 1.270248046282468525e-05 4.701796709033131113e-06 1.601858104934613113e-06 5.022703894279025081e-07 1.448866025810178871e-07 3.841007540179223441e-08 9.343498320765998413e-09 2.081639594900673201e-09 4.238982697269971565e-10 7.874283209384166056e-11 1.331766857462898983e-11 2.047113387518516734e-12 2.855145986442424356e-13 3.607289890267807854e-14 4.121639945605088328e-15 4.252670147864340547e-16 3.949765842835623036e-17 3.299817676808763914e-18 2.692494733711101583e-19 -2.281847746301835814e-20 -1.264889720109170121e-20 8.248865186864609168e-21 2.341263406893983368e-21 -2.373011990487055399e-21 -1.129532092914318252e-22 5.984610795671154025e-22 -1.083667313523260883e-22 -1.130421798526045648e-22 4.373648724946933816e-23
-9.984687459442709038e-23 -1.094900365961309377e-22 5.851837704966312758e-22 -9.755254635853015037e-23 -2.373011999574089030e-21 2.422487398809969909e-21 8.190256411152745650e-21 -1.360205468391769418e-20 -2.100437557183438964e-20 3.012171756578571922e-19 3.815991707019563904e-18 4.687265388646683608e-17 5.193844122100501956e-16 5.185479744607752374e-15 4.679689198979984970e-14 3.823091568750966946e-13 2.831814523652283689e-12 1.904659377963206652e-11 1.164996516027010848e-10 6.490449504860522486e-10 3.299169083851185354e-09 1.532833279884348261e-08 6.521453366983221738e-08 2.545185097008713472e-07 9.126001336270015398e-07 3.009475754100308265e-06 9.131134339383346641e-06 2.548501818416274028e-05 6.542244065057449889e-05 1.546833597710499158e-04 3.380238277908019008e-04 6.863495868837294917e-04 1.303004474463521391e-03 2.327077196125444756e-03 3.934087034983421716e-03 6.317487983243398261e-03 9.651096682720287923e-03 1.407245515353547707e-02 1.971003355548793523e-02 2.680554250417606713e-02 3.558491697555690031e-02 4.586331861320291914e-02 5.707472040529806834e-02 6.851823163231311742e-02 7.949559022505776895e-02 8.941424940408707056e-02 9.781712607936327020e-02 1.043875300170485354e-01 1.089074150157205989e-01 1.112152157844206041e-01 1.112152157844206318e-01 1.089074150157205989e-01 1.043875300170485493e-01 9.781712607936325632e-02 8.941424940408705668e-02 7.949559022505778283e-02 6.851823163231311742e-02 5.707472040529804752e-02 4.586331861320292608e-02 3.558491697555692113e-02 2.680554250417606713e-02 1.971003355548794217e-02 1.407245515353548401e-02 9.651096682720287923e-03 6.317487983243398261e-03 3.934087034983419114e-03 2.327077196125442587e-03 1.303004474463519656e-03 6.863495868837279738e-04 3.380238277908008166e-04 1.546833597710491840e-04 6.542244065057416008e-05 2.548501818416259459e-05 9.131134339383304289e-06 3.009475754100295559e-06 9.126001336269988928e-07 2.545185097008707649e-07 6.521453366983213797e-08 1.532833279884347268e-08 3.299169083851185354e-09 6.490449504860523520e-10 1.164996516027010848e-10 1.904659377963206652e-11 2.831814523652290959e-12 3.823091568751021472e-13 4.679689198980085944e-14 5.185479744606777342e-15 5.193844122093131037e-16 4.687265388629278131e-17 3.815991707118041325e-18 3.012171757802576476e-19 -2.100437551410658655e-20 -1.360205468545214877e-20 8.190256378587199230e-21 2.422487377241980377e-21 -2.373011993600400900e-21 -9.755253256668394198e-23 5.851837721902825961e-22 -1.094900422678634388e-22 -9.984687606349504275e-23
-8.551352709466978301e-23 5.575539211902372529e-22 -5.249569786775501810e-23 -2.358602207564934855e-21 2.341263426043116986e-21 8.190256411152745650e-21 -1.393431820252758404e-20 -1.995688979254007995e-20 3.216496453281211609e-19 4.203306377364999961e-18 5.295213353953414194e-17 6.030609568352593639e-16 6.194828897393187767e-15 5.757686586882140738e-14 4.849210058283093347e-13 3.706356813724181413e-12 2.574434101688450912e-11 1.627300396242671012e-10 9.373909813074789288e-10 4.928295578392679490e-09 2.368608206109259954e-08 1.042392267212746906e-07 4.207406362043586348e-07 1.559790807075002526e-06 5.316711444366235729e-06 1.666993290605167069e-05 4.806090407280579898e-05 1.273267589948679120e-04 3.100822521329462929e-04 6.959704360839893056e-04 1.446287505934798490e-03 2.803963578906198614e-03 5.108897241446177552e-03 8.761375958559795840e-03 1.417378933032863511e-02 2.187160306584327515e-02 3.292413648910614415e-02 4.807252849463298366e-02 6.680442810329519088e-02 8.785641658492518435e-02 1.097546485845631026e-01 1.313141787858186638e-01 1.517190377978538118e-01 1.703940311686216458e-01 1.869337710093236515e-01 2.010593763857802529e-01 2.125784339895755437e-01 2.213534223928500244e-01 2.272765632188025464e-01 2.302626787258456043e-01 2.302626787258456043e-01 2.272765632188025464e-01 2.213534223928500522e-01 2.125784339895755992e-01 2.010593763857802807e-01 1.869337710093236793e-01 1.703940311686216458e-01 1.517190377978537841e-01 1.313141787858186360e-01 1.097546485845631026e-01 8.785641658492518435e-02 6.680442810329520475e-02 4.807252849463298366e-02 3.292413648910615803e-02 2.187160306584327168e-02 1.417378933032863164e-02 8.761375958559788901e-03 5.108897241446169746e-03 2.803963578906192109e-03 1.446287505934793719e-03 6.959704360839863782e-04 3.100822521329447750e-04 1.273267589948672343e-04 4.806090407280557537e-05 1.666993290605160293e-05 5.316711444366221330e-06 1.559790807074999138e-06 4.207406362043581055e-07 1.042392267212746509e-07 2.368608206109259623e-08 4.928295578392681144e-09 9.373909813074793424e-10 1.627300396242671787e-10 2.574434101688450589e-11 3.706356813724187875e-12 4.849210058283141814e-13 5.757686586882230353e-14 6.194828897392443082e-15 6.030609568346796497e-16 5.295213353936580026e-17 4.203306377419872017e-18 3.216496454272846456e-19 -1.995688973461436349e-20 -1.393431819403634850e-20 8.190256382349619233e-21 2.341263399650330638e-21 -2.358602204455137654e-21 -5.249568182639838422e-23 5.575539242876611998e-22 -8.551353236440946487e-23
4.686186642887070303e-22 3.431705828631772553e-24 -2.310713767641211985e-21 2.110463230147204665e-21 8.248865225878497053e-21 -1.360205468391769418e-20 -1.995688979254007995e-20 3.286779147291197637e-19 4.411106230697429533e-18 5.696442127479788977e-17 6.660280286300854089e-16 7.031209880843841495e-15 6.722618918779932505e-14 5.830187818312393560e-13 4.592917438469009692e-12 3.291000323410838659e-11 2.147565178522788388e-10 1.277907653051507393e-09 6.943413743055005711e-09 3.449762895705664037e-08 1.569619336444518837e-07 6.549758325540081203e-07 2.509886793323639587e-06 8.841177693366863969e-06 2.864046475446258618e-05 8.529247041088211826e-05 2.332702573611892931e-04 5.854330023525157554e-04 1.349736127439133283e-03 2.875878638910471519e-03 5.701401256347243818e-03 1.051617415953314157e-02 1.815097073871485209e-02 3.037849296033438146e-02 4.924249604686734699e-02 7.436706578337907991e-02 1.036507721716792008e-01 1.347661182631354482e-01 1.661244858049391315e-01 1.965875734906916694e-01 2.253570182700629365e-01 2.519238935891769393e-01 2.759633752359712533e-01 2.972522675072543641e-01 3.156617786976763651e-01 3.311404117427039218e-01 3.436359466709379418e-01 3.530522225813577664e-01 3.593053443246912448e-01 3.624030719823719826e-01 3.624030719823719271e-01 3.593053443246911338e-01 3.530522225813576553e-01 3.436359466709378863e-01 3.311404117427039773e-01 3.156617786976763651e-01 2.972522675072543086e-01 2.759633752359711423e-01 2.519238935891768838e-01 2.253570182700628532e-01 1.965875734906915584e-01 1.661244858049390760e-01 1.347661182631354482e-01 1.036507721716791869e-01 7.436706578337907991e-02 4.924249604686732618e-02 3.037849296033434676e-02 1.815097073871482780e-02 1.051617415953312075e-02 5.701401256347228205e-03 2.875878638910461110e-03 1.349736127439127211e-03 5.854330023525125028e-04 2.332702573611882089e-04 8.529247041088176590e-05 2.864046475446250487e-05 8.841177693366847028e-06 2.509886793323637046e-06 6.549758325540078027e-07 1.569619336444519366e-07 3.449762895705666022e-08 6.943413743055009847e-09 1.277907653051507806e-09 2.147565178522789422e-10 3.291000323410838659e-11 4.592917438469016962e-12 5.830187818312432940e-13 6.722618918780017071e-14 7.031209880843357134e-15 6.660280286296416746e-16 5.696442127461876904e-17 4.411106230708474357e-18 3.286779148139439778e-19 -1.995688972712213188e-20 -1.360205466382440387e-20 8.248865197945993285e-21 2.110463196789748953e-21 -2.310713766496190962e-21 3.431723632833297364e-24 4.686186677173656310e-22
2.187148436005887181e-24 -2.203824772921689371e-21 1.741308731222681356e-21 8.335360291538994709e-21 -1.264889719124914746e-20 -2.100437557183438964e-20 3.216496453281211609e-19 4.411106230697429533e-18 5.836698726287536363e-17 6.998795921688907413e-16 7.585112863916008268e-15 7.452254406320346345e-14 6.647722619870074613e-13 5.391763646850160574e-12 3.981152198890724538e-11 2.679272477353212165e-10 1.645367019084471367e-09 9.231544487371198605e-09 4.738158008869418855e-08 2.227658584188128058e-07 9.606518064286762305e-07 3.804342278190596802e-06 1.384771840133694519e-05 4.634746071502192756e-05 1.425818436770063451e-04 4.026636094527685696e-04 1.041807960407403625e-03 2.472768069935658581e-03 5.412071874146775867e-03 1.086377548074229926e-02 2.030321306108406540e-02 3.715334428237167946e-02 6.366312067549660669e-02 9.778376947919140139e-02 1.358036292696684633e-01 1.753280109035885159e-01 2.146759954587920127e-01 2.527018595288729186e-01 2.886824896711571165e-01 3.221885903819831087e-01 3.529576334290644435e-01 3.808218113774367586e-01 4.056740733247833353e-01 4.274590322735866699e-01 4.461533152614967079e-01 4.617631355823870187e-01 4.742694156766693592e-01 4.836026564898073810e-01 4.897242002545783013e-01 4.927201620662196024e-01 4.927201620662194914e-01 4.897242002545781348e-01 4.836026564898070479e-01 4.742694156766693592e-01 4.617631355823870742e-01 4.461533152614965969e-01 4.274590322735866699e-01 4.056740733247834463e-01 3.808218113774367586e-01 3.529576334290643880e-01 3.221885903819829977e-01 2.886824896711570054e-01 2.527018595288728076e-01 2.146759954587919017e-01 1.753280109035884049e-01 1.358036292696683800e-01 9.778376947919137363e-02 6.366312067549653730e-02 3.715334428237162395e-02 2.030321306108402030e-02 1.086377548074226457e-02 5.412071874146752448e-03 2.472768069935647305e-03 1.041807960407398637e-03 4.026636094527670517e-04 1.425818436770059385e-04 4.634746071502182592e-05 1.384771840133692656e-05 3.804342278190595108e-06 9.606518064286764423e-07 2.227658584188128323e-07 4.738158008869420840e-08 9.231544487371205222e-09 1.645367019084471987e-09 2.679272477353213716e-10 3.981152198890726477e-11 5.391763646850164613e-12 6.647722619870103895e-13 7.452254406320438484e-14 7.585112863915784232e-15 6.998795921685442342e-16 5.836698726266261770e-17 4.411106230666492936e-18 3.216496454093890972e-19 -2.100437549118273293e-20 -1.264889715777278363e-20 8.335360261937961534e-21 1.741308688370402679e-21 -2.203824773527260050e-21 2.187165748208697763e-24
-1.807513114547370608e-21 1.295070812116683273e-21 8.347482688913181022e-21 -1.119084131464311886e-20 -2.281847752691749679e-20 3.012171756578571922e-19 4.203306377364999961e-18 5.696442127479788977e-17 6.998795921688907413e-16 7.779074987519160541e-15 7.845648848126528445e-14 7.191220511482560799e-13 5.998693771411160507e-12 4.559561685293325772e-11 3.161449927499045138e-10 2.001784853324008731e-09 1.158772976783852543e-08 6.139528724887685873e-08 2.980943619628291621e-07 1.327936029062474992e-06 5.433462042635518549e-06 2.043626700374835716e-05 7.067751510421371936e-05 2.246630018212959626e-04 6.552985958637104914e-04 1.750570566227256826e-03 4.289977668385988423e-03 9.548154766060390139e-03 1.955470489667327297e-02 3.919639297439974496e-02 7.136901849890592286e-02 1.123980183322050852e-01 1.576248659916524575e-01 2.042236638944310567e-01 2.503045606252402577e-01 2.949442871749237693e-01 3.375124850282800737e-01 3.775304353711167460e-01 4.146944931432068326e-01 4.488525924479527807e-01 4.798886832404521408e-01 5.076801755814398520e-01 5.321806300818759938e-01 5.534327186858674086e-01 5.714889420287958544e-01 5.863626028783720523e-01 5.980728460769724197e-01 6.067003389174725481e-01 6.123645481614555797e-01 6.151662138750508824e-01 6.151662138750507713e-01 6.123645481614554686e-01 6.067003389174724370e-01 5.980728460769724197e-01 5.863626028783719413e-01 5.714889420287960764e-01 5.534327186858676306e-01 5.321806300818761049e-01 5.076801755814398520e-01 4.798886832404520852e-01 4.488525924479527252e-01 4.146944931432067216e-01 3.775304353711165795e-01 3.375124850282800182e-01 2.949442871749236583e-01 2.503045606252401467e-01 2.042236638944309179e-01 1.576248659916523742e-01 1.123980183322049325e-01 7.136901849890579796e-02 3.919639297439961312e-02 1.955470489667320011e-02 9.548154766060348506e-03 4.289977668385968473e-03 1.750570566227249020e-03 6.552985958637085398e-04 2.246630018212955019e-04 7.067751510421365160e-05 2.043626700374834700e-05 5.433462042635517702e-06 1.327936029062475416e-06 2.980943619628293209e-07 6.139528724887691167e-08 1.158772976783853039e-08 2.001784853324009972e-09 3.161449927499047206e-10 4.559561685293327711e-11 5.998693771411164545e-12 7.191220511482584023e-13 7.845648848126630681e-14 7.779074987519158963e-15 6.998795921685830856e-16 5.696442127452671884e-17 4.203306377295084082e-18 3.012171757464172289e-19 -2.281847742357845155e-20 -1.119084126680533016e-20 8.347482653699113797e-21 1.295070762788037279e-21 -1.807513114725282524e-21
9.042155153140128827e-22 8.123950446606445679e-21 -9.266835999001758410e-21 -2.485073090882160878e-20 2.692494732204112438e-19 3.815991707019563904e-18 5.295213353953414194e-17 6.660280286300854089e-16 7.585112863916008268e-15 7.845648848126528445e-14 7.381904307425803860e-13 6.326868855724402680e-12 4.945543706811094893e-11 3.529485277177709220e-10 2.302105627816572191e-09 1.373734012620656915e-08 7.507734565508841118e-08 3.762086143602717594e-07 1.730401253138362384e-06 7.313128666423313111e-06 2.841985024030244615e-05 1.015795961273005559e-04 3.337677516481778401e-04 1.006306652986862712e-03 2.781853910669900964e-03 6.994010475300921174e-03 1.590266828255485626e-02 3.513203551401979791e-02 6.987698787064958172e-02 1.156897924030896030e-01 1.666549895558050998e-01 2.192135957703515992e-01 2.713577255808721223e-01 3.221291929836314072e-01 3.709354030335761943e-01 4.173301331086325394e-01 4.608837274290026320e-01 5.012126109539859486e-01 5.380798957608576849e-01 5.713422766601323755e-01 6.009140802588917030e-01 6.267655713083800650e-01 6.490048339285803269e-01 6.678539835781174272e-01 6.835366879762495573e-01 6.961643675141532261e-01 7.058524001913939472e-01 7.128543485682360403e-01 7.174644641120735411e-01 7.197895300270826802e-01 7.197895300270825691e-01 7.174644641120736521e-01 7.128543485682360403e-01 7.058524001913940582e-01 6.961643675141533372e-01 6.835366879762496684e-01 6.678539835781175382e-01 6.490048339285803269e-01 6.267655713083800650e-01 6.009140802588918140e-01 5.713422766601322644e-01 5.380798957608575739e-01 5.012126109539860597e-01 4.608837274290024655e-01 4.173301331086324839e-01 3.709354030335760832e-01 3.221291929836314072e-01 2.713577255808721778e-01 2.192135957703515159e-01 1.666549895558050720e-01 1.156897924030894920e-01 6.987698787064938744e-02 3.513203551401965913e-02 1.590266828255479034e-02 6.994010475300891684e-03 2.781853910669891856e-03 1.006306652986860544e-03 3.337677516481773522e-04 1.015795961273005153e-04 2.841985024030245293e-05 7.313128666423315652e-06 1.730401253138363020e-06 3.762086143602719183e-07 7.507734565508845088e-08 1.373734012620658073e-08 2.302105627816573845e-09 3.529485277177712839e-10 4.945543706811096832e-11 6.326868855724405103e-12 7.381904307425824054e-13 7.845648848126658449e-14 7.585112863916169196e-15 6.660280286297493542e-16 5.295213353918182310e-17 3.815991706914188573e-18 2.692494733233902365e-19 -2.485073077709942075e-20 -9.266835934731559264e-21 8.123950406658167303e-21 9.042154674345481093e-22
6.724230776596548082e-21 -6.980788630201928751e-21 -2.638377980198666253e-20 2.285580978721865221e-19 3.299817676672379955e-18 4.687265388646683608e-17 6.030609568352593639e-16 7.031209880843841495e-15 7.452254406320346345e-14 7.191220511482560799e-13 6.326868855724402680e-12 5.081220713214321228e-11 3.729043343891156933e-10 2.503242748239276355e-09 1.538529659981636627e-08 8.666442256073251215e-08 4.478800901236477718e-07 2.125829601788938087e-06 9.276143687375680056e-06 3.723926726158744099e-05 1.375747539428172838e-04 4.674596996083661780e-04 1.458044436916322703e-03 4.168540429106097102e-03 1.074678569826587743e-02 2.605946936593259849e-02 5.904813493649079675e-02 1.071388811830925464e-01 1.622662610926600968e-01 2.197971095183564594e-01 2.774113174407498716e-01 3.340504110893232070e-01 3.890031533065115288e-01 4.416926062783494422e-01 4.915620938684716612e-01 5.379808566753673249e-01 5.803827865622548376e-01 6.184272580415792753e-01 6.520297772445680096e-01 6.812303298295816489e-01 7.061691916987724582e-01 7.271001459879251616e-01 7.444088962513704111e-01 7.584983336805609655e-01 7.697463955677557035e-01 7.784674822336413724e-01 7.849513437621313816e-01 7.895151952644656745e-01 7.924717743927859326e-01 7.939557587794712212e-01 7.939557587794709992e-01 7.924717743927860436e-01 7.895151952644658966e-01 7.849513437621314926e-01 7.784674822336413724e-01 7.697463955677557035e-01 7.584983336805608545e-01 7.444088962513706331e-01 7.271001459879251616e-01 7.061691916987724582e-01 6.812303298295816489e-01 6.520297772445682316e-01 6.184272580415793863e-01 5.803827865622547266e-01 5.379808566753673249e-01 4.915620938684718277e-01 4.416926062783496088e-01 3.890031533065116398e-01 3.340504110893232070e-01 2.774113174407498161e-01 2.197971095183564594e-01 1.622662610926600135e-01 1.071388811830923937e-01 5.904813493649059553e-02 2.605946936593247706e-02 1.074678569826583927e-02 4.168540429106087561e-03 1.458044436916320751e-03 4.674596996083659611e-04 1.375747539428172838e-04 3.723926726158746132e-05 9.276143687375685139e-06 2.125829601788939358e-06 4.478800901236480895e-07 8.666442256073257832e-08 1.538529659981637289e-08 2.503242748239276769e-09 3.729043343891158484e-10 5.081220713214323166e-11 6.326868855724401064e-12 7.191220511482577965e-13 7.452254406320511691e-14 7.031209880844097875e-15 6.030609568348321957e-16 4.687265388601504681e-17 3.299817676532416463e-18 2.285580979943688178e-19 -2.638377963303481024e-20 -6.980788559251259416e-21 6.724230734271475800e-21
-4.354150084340223729e-21 -2.669673354838274384e-20 1.818838401075648297e-19 2.717256500253394824e-18 3.949765842854559396e-17 5.193844122100501956e-16 6.194828897393187767e-15 6.722618918779932505e-14 6.647722619870074613e-13 5.998693771411160507e-12 4.945543706811094893e-11 3.729043343891156933e-10 2.574073925607006634e-09 1.628124178755874334e-08 9.445149681083207179e-08 5.030557711059994679e-07 2.462373806912828331e-06 1.108792169415805412e-05 4.596749259764641157e-05 1.755128110357914327e-04 6.168615817853125407e-04 1.992380832097943259e-03 5.887906148645656590e-03 1.572990250431021211e-02 4.121899255656122363e-02 8.753806877643986739e-02 1.449215787653402865e-01 2.063611702390133473e-01 2.686589165452420991e-01 3.307173530523652705e-01 3.916965175538930644e-01 4.507539520665206911e-01 5.069378345894801630e-01 5.592957741599633437e-01 6.070338320355083139e-01 6.495759971616664741e-01 6.866399845674564517e-01 7.182551121523819138e-01 7.446647937404768935e-01 7.662396128184522093e-01 7.834324825612822840e-01 7.968264320301484682e-01 8.070953662981261711e-01 8.147529180701671425e-01 8.202204092575613448e-01 8.239526139059285548e-01 8.264482972224278523e-01 8.281006524607901209e-01 8.291294967474970301e-01 8.296315432148047009e-01 8.296315432148048119e-01 8.291294967474969191e-01 8.281006524607898989e-01 8.264482972224277413e-01 8.239526139059287768e-01 8.202204092575617889e-01 8.147529180701671425e-01 8.070953662981258381e-01 7.968264320301483572e-01 7.834324825612822840e-01 7.662396128184523203e-01 7.446647937404770046e-01 7.182551121523821358e-01 6.866399845674566738e-01 6.495759971616666961e-01 6.070338320355086470e-01 5.592957741599635657e-01 5.069378345894802740e-01 4.507539520665206911e-01 3.916965175538933419e-01 3.307173530523653260e-01 2.686589165452420991e-01 2.063611702390133196e-01 1.449215787653401755e-01 8.753806877643968698e-02 4.121899255656105016e-02 1.572990250431017048e-02 5.887906148645647049e-03 1.992380832097942391e-03 6.168615817853126491e-04 1.755128110357915140e-04 4.596749259764643190e-05 1.108792169415806089e-05 2.462373806912829601e-06 5.030557711059997856e-07 9.445149681083209826e-08 1.628124178755875326e-08 2.574073925607008289e-09 3.729043343891157450e-10 4.945543706811095539e-11 5.998693771411157275e-12 6.647722619870093798e-13 6.722618918780140764e-14 6.194828897393479645e-15 5.193844122094808352e-16 3.949765842799381657e-17 2.717256500077377538e-18 1.818838402504288444e-19 -2.669673335941765975e-20 -4.354150021105934152e-21
-2.260927076137256085e-20 1.338717071118960447e-19 2.128660477287919651e-18 3.166949612032140834e-17 4.252670147873209808e-16 5.185479744607752374e-15 5.757686586882140738e-14 5.830187818312393560e-13 5.391763646850160574e-12 4.559561685293325772e-11 3.529485277177709220e-10 2.503242748239276355e-09 1.628124178755874334e-08 9.719852024312737564e-08 5.331300047571364122e-07 2.689318475209099424e-06 1.248887814456047355e-05 5.343980437249130422e-05 2.108156435839891548e-04 7.664447884103412672e-04 2.565873586553597558e-03 7.847405632531560121e-03 2.233414586927376724e-02 5.948302061930025447e-02 1.158676361252607284e-01 1.797358210360221475e-01 2.457702707138235132e-01 3.124535218116822333e-01 3.789545149886386910e-01 4.442760034068584107e-01 5.069786555920523519e-01 5.655701615296738760e-01 6.188370466679021797e-01 6.659876357549023851e-01 7.065863409153523289e-01 7.405356791656647619e-01 7.680719995837533842e-01 7.896961815504965898e-01 8.059612637484808717e-01 8.175282921663964419e-01 8.251501705432980893e-01 8.296276662846002736e-01 8.317447220968957611e-01 8.321614509834384110e-01 8.312864160841275663e-01 8.296407690528007084e-01 8.277760664943536462e-01 8.262014526609051668e-01 8.251941196868284312e-01 8.247530423253511822e-01 8.247530423253512932e-01 8.251941196868282091e-01 8.262014526609050558e-01 8.277760664943536462e-01 8.296407690528008194e-01 8.312864160841277883e-01 8.321614509834384110e-01 8.317447220968955390e-01 8.296276662845998295e-01 8.251501705432979783e-01 8.175282921663965530e-01 8.059612637484809827e-01 7.896961815504963678e-01 7.680719995837534952e-01 7.405356791656647619e-01 7.065863409153523289e-01 6.659876357549026071e-01 6.188370466679020687e-01 5.655701615296737650e-01 5.069786555920523519e-01 4.442760034068584662e-01 3.789545149886388020e-01 3.124535218116822333e-01 2.457702707138235132e-01 1.797358210360220920e-01 1.158676361252605341e-01 5.948302061930006018e-02 2.233414586927371173e-02 7.847405632531553182e-03 2.565873586553597558e-03 7.664447884103415924e-04 2.108156435839893446e-04 5.343980437249135166e-05 1.248887814456048540e-05 2.689318475209100694e-06 5.331300047571367298e-07 9.719852024312738888e-08 1.628124178755874664e-08 2.503242748239276769e-09 3.529485277177711288e-10 4.559561685293325772e-11 5.391763646850156535e-12 5.830187818312420823e-13 5.757686586882408320e-14 5.185479744608053719e-15 4.252670147865984828e-16 3.166949611965386562e-17 2.128660477070598872e-18 1.338717072850566708e-19 -2.260927058956518941e-20
8.270343438817661797e-20 1.582323372834482250e-18 2.415355910455252812e-17 3.308184336842836026e-16 4.121639945606196678e-15 4.679689198979984970e-14 4.849210058283093347e-13 4.592917438469009692e-12 3.981152198890724538e-11 3.161449927499045138e-10 2.302105627816572191e-09 1.538529659981636627e-08 9.445149681083207179e-08 5.331300047571364122e-07 2.769515424506720901e-06 1.325456162809642649e-05 5.849963538411046178e-05 2.382962552969113341e-04 8.959056126973323313e-04 3.110491279021086568e-03 9.850645481675308901e-03 3.018951435378744441e-02 7.769618987912002561e-02 1.412813984463852091e-01 2.097929665452878956e-01 2.799514579934769265e-01 3.510660711018011026e-01 4.221275733982629563e-01 4.913549532416310317e-01 5.566697325047199607e-01 6.162603347347013205e-01 6.688680176766342855e-01 7.137972648163058986e-01 7.508518832062283099e-01 7.801675890950782177e-01 8.021434292099581809e-01 8.174490145623437565e-01 8.269761065766740860e-01 8.315273243426672956e-01 8.319302113829445400e-01 8.292103344864190095e-01 8.242794409060698602e-01 8.178499069039135705e-01 8.106668350715842131e-01 8.033771668709887015e-01 7.964113879941311369e-01 7.901843345923229567e-01 7.852296015638148274e-01 7.819375144656657284e-01 7.803700835294944405e-01 7.803700835294945515e-01 7.819375144656657284e-01 7.852296015638148274e-01 7.901843345923231787e-01 7.964113879941313590e-01 8.033771668709888125e-01 8.106668350715841020e-01 8.178499069039136815e-01 8.242794409060698602e-01 8.292103344864190095e-01 8.319302113829443179e-01 8.315273243426675176e-01 8.269761065766741970e-01 8.174490145623436455e-01 8.021434292099580698e-01 7.801675890950777736e-01 7.508518832062280879e-01 7.137972648163057876e-01 6.688680176766343966e-01 6.162603347347010985e-01 5.566697325047198497e-01 4.913549532416310872e-01 4.221275733982629563e-01 3.510660711018011026e-01 2.799514579934768155e-01 2.097929665452878123e-01 1.412813984463850148e-01 7.769618987911987296e-02 3.018951435378740278e-02 9.850645481675307166e-03 3.110491279021088736e-03 8.959056126973329818e-04 2.382962552969116051e-04 5.849963538411050244e-05 1.325456162809644004e-05 2.769515424506721748e-06 5.331300047571367298e-07 9.445149681083207179e-08 1.538529659981636958e-08 2.302105627816573432e-09 3.161449927499045655e-10 3.981152198890723245e-11 4.592917438469003230e-12 4.849210058283128688e-13 4.679689198980312505e-14 4.121639945606554820e-15 3.308184336833951973e-16 2.415355910369648154e-17 1.582323372709010418e-18 8.270343453252262377e-20
