2.757893489981520764e-25 8.457056484215728934e-24 -5.664437956530110679e-24 -5.364750014621026129e-23 5.835342051838890344e-23 3.257003950421055043e-22 -4.386196034622146489e-22 -1.871801867119563641e-21 2.934990830108303663e-21 1.201232360823125195e-20 -9.797936839957597983e-21 -5.230486155927495338e-20 1.540054510275459591e-19 1.719399878373369661e-18 1.151800302580201160e-17 7.502634814082913519e-17 4.619362352587646742e-16 2.673440643909716322e-15 1.452707302639211058e-14 7.405648826311515492e-14 3.539739197239892129e-13 1.585645388478945613e-12 6.654729399372667431e-12 2.616083165198752140e-11 9.631641513375402100e-11 3.320462359347120090e-10 1.071568784737401090e-09 3.235615573870814376e-09 9.135221343129281322e-09 2.409924717096845758e-08 5.937768548595219156e-08 1.366883025994799416e-07 2.945216931827945473e-07 5.958905260949992183e-07 1.136158298179354301e-06 2.048163204231403121e-06 3.501117471115758683e-06 5.690732550337189539e-06 8.819916052621766474e-06 1.307144735713316677e-05 1.857282468927933745e-05 2.535688406751687832e-05 3.332380651239903307e-05 4.221723607204935238e-05 5.161677490247459341e-05 6.094823720684269613e-05 6.956419695154835911e-05 7.678732507866453010e-05 8.200035802649958863e-05 8.473353995728301769e-05 8.473353995728301769e-05 8.200035802649960218e-05 7.678732507866453010e-05 6.956419695154837267e-05 6.094823720684269613e-05 5.161677490247458663e-05 4.221723607204933882e-05 3.332380651239901951e-05 2.535688406751687832e-05 1.857282468927933745e-05 1.307144735713317185e-05 8.819916052621766474e-06 5.690732550337188692e-06 3.501117471115758683e-06 2.048163204231402698e-06 1.136158298179353665e-06 5.958905260949985830e-07 2.945216931827940179e-07 1.366883025994794916e-07 5.937768548595195333e-08 2.409924717096833515e-08 9.135221343129231691e-09 3.235615573870797006e-09 1.071568784737395920e-09 3.320462359347106132e-10 9.631641513375368496e-11 2.616083165198743416e-11 6.654729399372651275e-12 1.585645388478942180e-12 3.539739197239889100e-13 7.405648826311510444e-14 1.452707302639210427e-14 2.673440643909715534e-15 4.619362352587644770e-16 7.502634814082912286e-17 1.151800302580201160e-17 1.719399878373369661e-18 1.540054510275459832e-19 -5.230486155927497143e-20 -9.797936839957611525e-21 1.201232360823125195e-20 2.934990830108305544e-21 -1.871801867119563641e-21 -4.386196034622150251e-22 3.257003950421055514e-22 5.835342051838896221e-23 -5.364750014621026129e-23 -5.664437956530113617e-24 8.457056484215727464e-24 2.757893489981510203e-25
8.457056484215728934e-24 -5.683385319292717498e-24 -6.093729868717149386e-23 6.574147621881872628e-23 3.756576520486553427e-22 -5.318983527093272777e-22 -2.178373349480378782e-21 3.824478213403380317e-21 1.403818903405992333e-20 -1.570220177748158290e-20 -6.253718216203531966e-20 2.624095700102399388e-19 2.488409358676092846e-18 1.787635313691051839e-17 1.212728555195247364e-16 7.758710103319673999e-16 4.671139424378194311e-15 2.643245667122070406e-14 1.404694242969842789e-13 7.005636716882594277e-13 3.277077633830192469e-12 1.437166691435339523e-11 5.907012726019594140e-11 2.274913996028413924e-10 8.207415033171387683e-10 2.773175097184746849e-09 8.772017367404065844e-09 2.596001196330588359e-08 7.182294412007008606e-08 1.856536464458739503e-07 4.483162286886079901e-07 1.012267481058890302e-06 2.142092756286595905e-06 4.262681924531209026e-06 8.005350508713171331e-06 1.423382802280655599e-05 2.402939478414668788e-05 3.862003605132898165e-05 5.925018745920743516e-05 8.700394365013458878e-05 1.225834611720174325e-04 1.660672555146898855e-04 2.166916625560259423e-04 2.727353767799696070e-04 3.315009940071388952e-04 3.894269197151574479e-04 4.425704600960302711e-04 4.868779688152871437e-04 5.187176104885480882e-04 5.353638550323712572e-04 5.353638550323712572e-04 5.187176104885480882e-04 4.868779688152870353e-04 4.425704600960303253e-04 3.894269197151573937e-04 3.315009940071388952e-04 2.727353767799695528e-04 2.166916625560259423e-04 1.660672555146898855e-04 1.225834611720174596e-04 8.700394365013460233e-05 5.925018745920743516e-05 3.862003605132898165e-05 2.402939478414668788e-05 1.423382802280654752e-05 8.005350508713166249e-06 4.262681924531204791e-06 2.142092756286591246e-06 1.012267481058887337e-06 4.483162286886061901e-07 1.856536464458730503e-07 7.182294412006968902e-08 2.596001196330574463e-08 8.772017367404024485e-09 2.773175097184734855e-09 8.207415033171358731e-10 2.274913996028407203e-10 5.907012726019579923e-11 1.437166691435336938e-11 3.277077633830188834e-12 7.005636716882588219e-13 1.404694242969842284e-13 2.643245667122069775e-14 4.671139424378195100e-15 7.758710103319675971e-16 1.212728555195247364e-16 1.787635313691051839e-17 2.488409358676093231e-18 2.624095700102400832e-19 -6.253718216203530763e-20 -1.570220177748159193e-20 1.403818903405991731e-20 3.824478213403383326e-21 -2.178373349480378782e-21 -5.318983527093276539e-22 3.756576520486554838e-22 6.574147621881873804e-23 -6.093729868717149386e-23 -5.683385319292721906e-24 8.457056484215728934e-24
-5.664437956530110679e-24 -6.093729868717149386e-23 6.825303416885435546e-23 3.820005680998683304e-22 -5.845641646773795630e-22 -2.209064549242824720e-21 4.402366321085191857e-21 1.424361903389031867e-20 -2.003531156414549179e-20 -6.291725998878305294e-20 3.539852800162076446e-19 3.116329053150411980e-18 2.290118488444759211e-17 1.593613484407586551e-16 1.049050206589251131e-15 6.503011154053787894e-15 3.791563933717155210e-14 2.077522280732568559e-13 1.068934759092553759e-12 5.161060550741635008e-12 2.337037353914174867e-11 9.920627693425457533e-11 3.946476940996227399e-10 1.470787365228143643e-09 5.133632548103012815e-09 1.677446669302599069e-08 5.127918730583775168e-08 1.465248830356103463e-07 3.909662027389817187e-07 9.736021108682794061e-07 2.263603616305380585e-06 4.921911280934383739e-06 1.003988928416764973e-05 1.928544322049353954e-05 3.501418160194630412e-05 6.028180181692316771e-05 9.871040719707047735e-05 1.541830800858122333e-04 2.303792958068776205e-04 3.302129508290464950e-04 4.551428629839462535e-04 6.044535249893057387e-04 7.747291513687381160e-04 9.597115908925458582e-04 1.150406731245381823e-03 1.335684215885630296e-03 1.503587117631382088e-03 1.642145466458176141e-03 1.740950044290977142e-03 1.792349985334759470e-03 1.792349985334759470e-03 1.740950044290977142e-03 1.642145466458176141e-03 1.503587117631381654e-03 1.335684215885629862e-03 1.150406731245382039e-03 9.597115908925455329e-04 7.747291513687378992e-04 6.044535249893057387e-04 4.551428629839461993e-04 3.302129508290464950e-04 2.303792958068776205e-04 1.541830800858122062e-04 9.871040719707045025e-05 6.028180181692314738e-05 3.501418160194628380e-05 1.928544322049351582e-05 1.003988928416762940e-05 4.921911280934370187e-06 2.263603616305371691e-06 9.736021108682753827e-07 3.909662027389797070e-07 1.465248830356095787e-07 5.127918730583751345e-08 1.677446669302591790e-08 5.133632548102994617e-09 1.470787365228139507e-09 3.946476940996219645e-10 9.920627693425442023e-11 2.337037353914172928e-11 5.161060550741630969e-12 1.068934759092553557e-12 2.077522280732568559e-13 3.791563933717155210e-14 6.503011154053790261e-15 1.049050206589251131e-15 1.593613484407586797e-16 2.290118488444759828e-17 3.116329053150413520e-18 3.539852800162077890e-19 -6.291725998878304091e-20 -2.003531156414549780e-20 1.424361903389031566e-20 4.402366321085194114e-21 -2.209064549242824720e-21 -5.845641646773795630e-22 3.820005680998684245e-22 6.825303416885440248e-23 -6.093729868717149386e-23 -5.664437956530110679e-24
-5.364750014621026129e-23 6.574147621881872628e-23 3.820005680998683304e-22 -6.024076515766293895e-22 -2.210285523870266747e-21 4.750810012236387492e-21 1.422932504493512485e-20 -2.314331002914792252e-20 -6.143688758359325689e-20 4.375127627967586222e-19 3.722743548846077532e-18 2.810941487695856320e-17 2.013695189825405105e-16 1.363568040085700020e-15 8.702613824976099609e-15 5.228594007659057093e-14 2.954559445424998297e-13 1.568919250196268507e-12 7.823023324059207890e-12 3.660390090266986889e-11 1.606277037531753392e-10 6.607853479136556078e-10 2.547330317481345371e-09 9.198983568457224191e-09 3.110559205322726227e-08 9.842778480139883245e-08 2.912010814772978950e-07 8.045907422333141386e-07 2.074128560818950863e-06 4.987639477692028732e-06 1.120066675953486529e-05 2.355023400250344647e-05 4.653276028726409543e-05 8.674794177230686935e-05 1.531507316621500650e-04 2.568994964494302792e-04 4.107255313020159141e-04 6.277060321259687794e-04 9.195675021773584397e-04 1.294799460679302554e-03 1.756341948953608640e-03 2.299455797735651136e-03 2.910526312334633936e-03 3.566858669277877484e-03 4.236899682766119384e-03 4.882741467491933524e-03 5.463944913555602786e-03 5.940810341769553124e-03 6.279358713496769120e-03 6.454975966863756541e-03 6.454975966863756541e-03 6.279358713496769120e-03 5.940810341769551389e-03 5.463944913555599317e-03 4.882741467491932656e-03 4.236899682766119384e-03 3.566858669277877484e-03 2.910526312334633936e-03 2.299455797735651136e-03 1.756341948953608640e-03 1.294799460679302554e-03 9.195675021773581145e-04 6.277060321259688878e-04 4.107255313020160225e-04 2.568994964494301166e-04 1.531507316621499837e-04 8.674794177230678804e-05 4.653276028726400056e-05 2.355023400250337871e-05 1.120066675953482294e-05 4.987639477692006709e-06 2.074128560818940698e-06 8.045907422333097976e-07 2.912010814772964656e-07 9.842778480139843540e-08 3.110559205322715639e-08 9.198983568457199375e-09 2.547330317481340407e-09 6.607853479136547806e-10 1.606277037531752358e-10 3.660390090266985597e-11 7.823023324059204658e-12 1.568919250196268305e-12 2.954559445424999307e-13 5.228594007659058355e-14 8.702613824976104342e-15 1.363568040085700612e-15 2.013695189825405845e-16 2.810941487695858169e-17 3.722743548846078303e-18 4.375127627967588148e-19 -6.143688758359324485e-20 -2.314331002914793756e-20 1.422932504493511883e-20 4.750810012236388244e-21 -2.210285523870266747e-21 -6.024076515766293895e-22 3.820005680998683304e-22 6.574147621881876155e-23 -5.364750014621023778e-23
5.835342051838890344e-23 3.756576520486553427e-22 -5.845641646773795630e-22 -2.210285523870266747e-21 4.865604591758476863e-21 1.419990030034724695e-20 -2.502186978779180560e-20 -5.983026363494878724e-20 5.036837987937490704e-19 4.254248846274497462e-18 3.296335895666652211e-17 2.426065260714967971e-16 1.687966626488321890e-15 1.107910108186520275e-14 6.851431668420712972e-14 3.988295724213805455e-13 2.183344821206707456e-12 1.123097813796033167e-11 5.424307432819242107e-11 2.458206252067710384e-10 1.044718994768953418e-09 4.161819080882734107e-09 1.553394148078163129e-08 5.429915214731120978e-08 1.776467898333039508e-07 5.435064484206163986e-07 1.553182130976711984e-06 4.140310711737113885e-06 1.028673033136876695e-05 2.383116561203985203e-05 5.158389758282942310e-05 1.046735292776841995e-04 1.999459772299231057e-04 3.610082620162756027e-04 6.183985630944438322e-04 1.008232624430825154e-03 1.569542875304788228e-03 2.340189800457961964e-03 3.352456287173942798e-03 4.626822177851276294e-03 6.163209095348808932e-03 7.935197595543950697e-03 9.888518988446070440e-03 1.194361222858691951e-02 1.400086359180504475e-02 1.595209564016106946e-02 1.768685733992275341e-02 1.909887209483705078e-02 2.009656317955010527e-02 2.061279668572481294e-02 2.061279668572481294e-02 2.009656317955009833e-02 1.909887209483704384e-02 1.768685733992274994e-02 1.595209564016106946e-02 1.400086359180504475e-02 1.194361222858691604e-02 9.888518988446070440e-03 7.935197595543948962e-03 6.163209095348808064e-03 4.626822177851277161e-03 3.352456287173941930e-03 2.340189800457961530e-03 1.569542875304788011e-03 1.008232624430824721e-03 6.183985630944435069e-04 3.610082620162753317e-04 1.999459772299227534e-04 1.046735292776839149e-04 5.158389758282924014e-05 2.383116561203974700e-05 1.028673033136871951e-05 4.140310711737093556e-06 1.553182130976704784e-06 5.435064484206141751e-07 1.776467898333033684e-07 5.429915214731107081e-08 1.553394148078160482e-08 4.161819080882729971e-09 1.044718994768952797e-09 2.458206252067709868e-10 5.424307432819240168e-11 1.123097813796033490e-11 2.183344821206708263e-12 3.988295724213806970e-13 6.851431668420714234e-14 1.107910108186521064e-14 1.687966626488322482e-15 2.426065260714968957e-16 3.296335895666653444e-17 4.254248846274499773e-18 5.036837987937494556e-19 -5.983026363494879928e-20 -2.502186978779181764e-20 1.419990030034724093e-20 4.865604591758476863e-21 -2.210285523870266747e-21 -5.845641646773795630e-22 3.756576520486553427e-22 5.835342051838891519e-23
3.257003950421055043e-22 -5.318983527093272777e-22 -2.209064549242824720e-21 4.750810012236387492e-21 1.419990030034724695e-20 -2.565697654313044457e-20 -5.881008897987675295e-20 5.463014609859766006e-19 4.650599325982488151e-18 3.692816471961574221e-17 2.788826784517736182e-16 1.991843246292084986e-15 1.343184276094122984e-14 8.541401472921019289e-14 5.116935547573221377e-13 2.885078149965506612e-12 1.529590913623445800e-11 7.619010636133291954e-11 3.562884364130488844e-10 1.563146772677495350e-09 6.430486622827528770e-09 2.479177815507785913e-08 8.952878237932947511e-08 3.026494817389735630e-07 9.569277313738579044e-07 2.826679666613264675e-06 7.789035686579442056e-06 1.999366683753000162e-05 4.779080519912511674e-05 1.065146827230210245e-04 2.220161524036318526e-04 4.345362421428990087e-04 8.020665208892082190e-04 1.401650377350817855e-03 2.328198868810690565e-03 3.690320542062412723e-03 5.598890740961294521e-03 8.147880868264942289e-03 1.139550923969587758e-02 1.535323357502475783e-02 2.000761460314024950e-02 2.533733415455360904e-02 3.125846812698618304e-02 3.755636554994726956e-02 4.389417083097636729e-02 4.989044189616265168e-02 5.517439877634873480e-02 5.942582087836095761e-02 6.239771474138354479e-02 6.392438145729972820e-02 6.392438145729972820e-02 6.239771474138355867e-02 5.942582087836092986e-02 5.517439877634869316e-02 4.989044189616263086e-02 4.389417083097635341e-02 3.755636554994726262e-02 3.125846812698618998e-02 2.533733415455361251e-02 2.000761460314024257e-02 1.535323357502476303e-02 1.139550923969587758e-02 8.147880868264940554e-03 5.598890740961292786e-03 3.690320542062412289e-03 2.328198868810689263e-03 1.401650377350816337e-03 8.020665208892069180e-04 4.345362421428979787e-04 2.220161524036311479e-04 1.065146827230206044e-04 4.779080519912489990e-05 1.999366683752991014e-05 7.789035686579404787e-06 2.826679666613253240e-06 9.569277313738549397e-07 3.026494817389728218e-07 8.952878237932934277e-08 2.479177815507782935e-08 6.430486622827526288e-09 1.563146772677494937e-09 3.562884364130489361e-10 7.619010636133293246e-11 1.529590913623446446e-11 2.885078149965507016e-12 5.116935547573224406e-13 8.541401472921020551e-14 1.343184276094123299e-14 1.991843246292086170e-15 2.788826784517737168e-16 3.692816471961576070e-17 4.650599325982488922e-18 5.463014609859768895e-19 -5.881008897987675295e-20 -2.565697654313045059e-20 1.419990030034724394e-20 4.750810012236389749e-21 -2.209064549242824720e-21 -5.318983527093273718e-22 3.257003950421055043e-22
-4.386196034622146489e-22 -2.178373349480378782e-21 4.402366321085191857e-21 1.422932504493512485e-20 -2.502186978779180560e-20 -5.881008897987675295e-20 5.610092144456921905e-19 4.862486565064796579e-18 3.952981274215680601e-17 3.059782221023917383e-16 2.241280636634621450e-15 1.551345997570333995e-14 1.013454172957673700e-13 6.242309063433724292e-13 3.621571388161144986e-12 1.977153036663338040e-11 1.014800463383048720e-10 4.892784663486176690e-10 2.214320751497748320e-09 9.400308406519709049e-09 3.741050569743429043e-08 1.394866028353918516e-07 4.869326943403500789e-07 1.590154356160964907e-06 4.852315351223800080e-06 1.381439933565489629e-05 3.662853678284881751e-05 9.033944727760966097e-05 2.073520635656099726e-04 4.439832277138610131e-04 8.901030855698786014e-04 1.678026164061543210e-03 2.990277756478676094e-03 5.059162929809552130e-03 8.145498891120902044e-03 1.249645142173356864e-02 1.834701119845618192e-02 2.606229581755541494e-02 3.604610347725327457e-02 4.830905566477738250e-02 6.237738123239229548e-02 7.747996898574538438e-02 9.276247739841586570e-02 1.074545065854488751e-01 1.209388474684565395e-01 1.327529080154634389e-01 1.425580943596919115e-01 1.501204600090599584e-01 1.552710335404530184e-01 1.578832198603885573e-01 1.578832198603885295e-01 1.552710335404530462e-01 1.501204600090599861e-01 1.425580943596919392e-01 1.327529080154633834e-01 1.209388474684565257e-01 1.074545065854488751e-01 9.276247739841586570e-02 7.747996898574537050e-02 6.237738123239228161e-02 4.830905566477736862e-02 3.604610347725326763e-02 2.606229581755540800e-02 1.834701119845617845e-02 1.249645142173355997e-02 8.145498891120896839e-03 5.059162929809546926e-03 2.990277756478672191e-03 1.678026164061539524e-03 8.901030855698758909e-04 4.439832277138593326e-04 2.073520635656091052e-04 9.033944727760921374e-05 3.662853678284866166e-05 1.381439933565484208e-05 4.852315351223785681e-06 1.590154356160961307e-06 4.869326943403495496e-07 1.394866028353917458e-07 3.741050569743428381e-08 9.400308406519709049e-09 2.214320751497748733e-09 4.892784663486177724e-10 1.014800463383049108e-10 1.977153036663339009e-11 3.621571388161147409e-12 6.242309063433727321e-13 1.013454172957674205e-13 1.551345997570334626e-14 2.241280636634622239e-15 3.059782221023918369e-16 3.952981274215681217e-17 4.862486565064798890e-18 5.610092144456922868e-19 -5.881008897987675295e-20 -2.502186978779179958e-20 1.422932504493512485e-20 4.402366321085192609e-21 -2.178373349480378782e-21 -4.386196034622146489e-22
-1.871801867119563641e-21 3.824478213403380317e-21 1.424361903389031867e-20 -2.314331002914792252e-20 -5.983026363494878724e-20 5.463014609859766006e-19 4.862486565064796579e-18 4.043670667720485485e-17 3.204807904069272803e-16 2.405454419719224743e-15 1.707466454447676002e-14 1.144860301925677579e-13 7.243603944978035657e-13 4.320298343787859398e-12 2.426574503508610001e-11 1.282260257292469571e-10 6.368963934841451139e-10 2.971045581388261099e-09 1.300668082319713489e-08 5.339901459275881652e-08 2.054521938500601017e-07 7.402542592718923009e-07 2.495541074607308008e-06 7.862615796328068594e-06 2.311628298762501575e-05 6.329455926414853575e-05 1.610988304048137137e-04 3.809241025567195057e-04 8.379251619074665983e-04 1.720334845867260796e-03 3.314869770524823435e-03 6.023020852002044893e-03 1.033060527517598234e-02 1.676884789061909575e-02 2.619627506325320279e-02 3.974730927114258905e-02 5.777464441122402705e-02 7.954771932675121227e-02 1.036748322566933972e-01 1.287450774215672389e-01 1.536254737932486736e-01 1.774631389370374679e-01 1.996247242611641770e-01 2.196538986171005237e-01 2.372310438209994932e-01 2.521357635679142839e-01 2.642216019529237681e-01 2.733948073996169126e-01 2.795790949752390286e-01 2.826987087572090940e-01 2.826987087572090385e-01 2.795790949752389176e-01 2.733948073996171901e-01 2.642216019529241566e-01 2.521357635679144504e-01 2.372310438209994654e-01 2.196538986171004681e-01 1.996247242611641770e-01 1.774631389370374679e-01 1.536254737932487013e-01 1.287450774215672389e-01 1.036748322566933833e-01 7.954771932675119839e-02 5.777464441122399236e-02 3.974730927114256823e-02 2.619627506325318891e-02 1.676884789061907841e-02 1.033060527517596673e-02 6.023020852002034485e-03 3.314869770524813460e-03 1.720334845867254291e-03 8.379251619074631289e-04 3.809241025567177709e-04 1.610988304048130361e-04 6.329455926414831891e-05 2.311628298762495137e-05 7.862615796328051654e-06 2.495541074607304196e-06 7.402542592718917715e-07 2.054521938500600223e-07 5.339901459275881652e-08 1.300668082319713655e-08 2.971045581388261926e-09 6.368963934841453207e-10 1.282260257292470605e-10 2.426574503508611293e-11 4.320298343787861821e-12 7.243603944978038686e-13 1.144860301925677831e-13 1.707466454447676949e-14 2.405454419719225138e-15 3.204807904069273296e-16 4.043670667720487334e-17 4.862486565064798119e-18 5.463014609859766969e-19 -5.983026363494879928e-20 -2.314331002914792553e-20 1.424361903389032168e-20 3.824478213403379564e-21 -1.871801867119564017e-21
2.934990830108303663e-21 1.403818903405992333e-20 -2.003531156414549179e-20 -6.143688758359325689e-20 5.036837987937490704e-19 4.650599325982488151e-18 3.952981274215680601e-17 3.204807904069272803e-16 2.462767737537886617e-15 1.791234042262914187e-14 1.231627450434316336e-13 7.997601309965346665e-13 4.899397876862694710e-12 2.828658073716309277e-11 1.537575804102711338e-10 7.861287402611448744e-10 3.777107405191697368e-09 1.703992581435406374e-08 7.212327392743524793e-08 2.861862161801994653e-07 1.063748645432147145e-06 3.700372088993205150e-06 1.203265915484315424e-05 3.651839185374083962e-05 1.032289853468125473e-04 2.711619754048697904e-04 6.607167530870348927e-04 1.493432332526798030e-03 3.144400418701535568e-03 6.193292730121185280e-03 1.139832672615663511e-02 1.977606041328744749e-02 3.321142283306194321e-02 5.336809305944023585e-02 7.991665357039190454e-02 1.109023247439193671e-01 1.442561123828366987e-01 1.783310421026993997e-01 2.118729020181644995e-01 2.439679072966329521e-01 2.740062417108934389e-01 3.015811592337388491e-01 3.264121745651488160e-01 3.483178431598747959e-01 3.672045310789795458e-01 3.830294545751493640e-01 3.957514896298848783e-01 4.053198772991275511e-01 4.116980817468283149e-01 4.148813623987538390e-01 4.148813623987541721e-01 4.116980817468282039e-01 4.053198772991270515e-01 3.957514896298849338e-01 3.830294545751499746e-01 3.672045310789798789e-01 3.483178431598746849e-01 3.264121745651486495e-01 3.015811592337388491e-01 2.740062417108934389e-01 2.439679072966329798e-01 2.118729020181644995e-01 1.783310421026993442e-01 1.442561123828366432e-01 1.109023247439192977e-01 7.991665357039182127e-02 5.336809305944017340e-02 3.321142283306190157e-02 1.977606041328741279e-02 1.139832672615660909e-02 6.193292730121165331e-03 3.144400418701523859e-03 1.493432332526792175e-03 6.607167530870322906e-04 2.711619754048688689e-04 1.032289853468122627e-04 3.651839185374076508e-05 1.203265915484314069e-05 3.700372088993202608e-06 1.063748645432146933e-06 2.861862161801993594e-07 7.212327392743524793e-08 1.703992581435407035e-08 3.777107405191699850e-09 7.861287402611452880e-10 1.537575804102712114e-10 2.828658073716311862e-11 4.899397876862697133e-12 7.997601309965351714e-13 1.231627450434316589e-13 1.791234042262914502e-14 2.462767737537886617e-15 3.204807904069273296e-16 3.952981274215680601e-17 4.650599325982488151e-18 5.036837987937491667e-19 -6.143688758359325689e-20 -2.003531156414548878e-20 1.403818903405991731e-20 2.934990830108303663e-21
1.201232360823125195e-20 -1.570220177748158290e-20 -6.291725998878305294e-20 4.375127627967586222e-19 4.254248846274497462e-18 3.692816471961574221e-17 3.059782221023917383e-16 2.405454419719224743e-15 1.791234042262914187e-14 1.261966835239017679e-13 8.403144979426658585e-13 5.283005538961053369e-12 3.132639192516163027e-11 1.750169694909775070e-10 9.203520536131736813e-10 4.551081496714125133e-09 2.114302339169930242e-08 9.220119403482973855e-08 3.771011805777995553e-07 1.445288030244381017e-06 5.185640379313164171e-06 1.739722486278163336e-05 5.448778611183156318e-05 1.589785483346776258e-04 4.309745545572258620e-04 1.082389274771132504e-03 2.518149690418970167e-03 5.440551412046914885e-03 1.087862607357896645e-02 2.037096376740743162e-02 3.688016077328361980e-02 6.260327384016345365e-02 9.635776935084475192e-02 1.351876431948710322e-01 1.764897238460647055e-01 2.183371914490215004e-01 2.594202942473793350e-01 2.988369941280245579e-01 3.359535325244795145e-01 3.703701428530278839e-01 4.018680189981289619e-01 4.303022074081204185e-01 4.555759337358373795e-01 4.776342118999205577e-01 4.964820502551322012e-01 5.121598584829306633e-01 5.246784684620271477e-01 5.340020308368452762e-01 5.401245699545350609e-01 5.431323824673538470e-01 5.431323824673541800e-01 5.401245699545361711e-01 5.340020308368438329e-01 5.246784684620244832e-01 5.121598584829295531e-01 4.964820502551328119e-01 4.776342118999211128e-01 4.555759337358373240e-01 4.303022074081204185e-01 4.018680189981289064e-01 3.703701428530279949e-01 3.359535325244796256e-01 2.988369941280245579e-01 2.594202942473793350e-01 2.183371914490214172e-01 1.764897238460646223e-01 1.351876431948709767e-01 9.635776935084464090e-02 6.260327384016337038e-02 3.688016077328355735e-02 2.037096376740737264e-02 1.087862607357893176e-02 5.440551412046893201e-03 2.518149690418960193e-03 1.082389274771128600e-03 4.309745545572247235e-04 1.589785483346773005e-04 5.448778611183151575e-05 1.739722486278162320e-05 5.185640379313163324e-06 1.445288030244381440e-06 3.771011805777996612e-07 9.220119403482977826e-08 2.114302339169930573e-08 4.551081496714126788e-09 9.203520536131741983e-10 1.750169694909775845e-10 3.132639192516164320e-11 5.283005538961055792e-12 8.403144979426663633e-13 1.261966835239017932e-13 1.791234042262914187e-14 2.405454419719225138e-15 3.059782221023917383e-16 3.692816471961574221e-17 4.254248846274497462e-18 4.375127627967584296e-19 -6.291725998878304091e-20 -1.570220177748157989e-20 1.201232360823124894e-20
-9.797936839957597983e-21 -6.253718216203531966e-20 3.539852800162076446e-19 3.722743548846077532e-18 3.296335895666652211e-17 2.788826784517736182e-16 2.241280636634621450e-15 1.707466454447676002e-14 1.231627450434316336e-13 8.403144979426658585e-13 5.417355463979843541e-12 3.296528969277265986e-11 1.891438110729805317e-10 1.022215461489246723e-09 5.198417903113375970e-09 2.485190255966285690e-08 1.115851634115708196e-07 4.701321354804785963e-07 1.856947290679459527e-06 6.869147485834757110e-06 2.376810206073751982e-05 7.680222170188787383e-05 2.312583347213253103e-04 6.469782886496916983e-04 1.676164694094988685e-03 4.019006999990639220e-03 8.866486753705962037e-03 1.808414779301863867e-02 3.549912757716439105e-02 6.445778303683155630e-02 1.034032059600404202e-01 1.484996539802251325e-01 1.965022486559289405e-01 2.451365764602468078e-01 2.929394877378974082e-01 3.389965763600217841e-01 3.827167950452963208e-01 4.236715817665552830e-01 4.615497261124984485e-01 4.961606757467291740e-01 5.273854407904544628e-01 5.551490756872167198e-01 5.794563632050440116e-01 6.003677808396904458e-01 6.179796442770078002e-01 6.324046110252603548e-01 6.437489391202552147e-01 6.520865677060003751e-01 6.575027032920968129e-01 6.601418577004949384e-01 6.601418577004941612e-01 6.575027032920977010e-01 6.520865677060017074e-01 6.437489391202528832e-01 6.324046110252555808e-01 6.179796442770058018e-01 6.003677808396912230e-01 5.794563632050446778e-01 5.551490756872166088e-01 5.273854407904543518e-01 4.961606757467291184e-01 4.615497261124983375e-01 4.236715817665552830e-01 3.827167950452962653e-01 3.389965763600217841e-01 2.929394877378974082e-01 2.451365764602468078e-01 1.965022486559288573e-01 1.484996539802250215e-01 1.034032059600403508e-01 6.445778303683141752e-02 3.549912757716428002e-02 1.808414779301857275e-02 8.866486753705927343e-03 4.019006999990625342e-03 1.676164694094984132e-03 6.469782886496905057e-04 2.312583347213250393e-04 7.680222170188783317e-05 2.376810206073751643e-05 6.869147485834759651e-06 1.856947290679460586e-06 4.701321354804787551e-07 1.115851634115708990e-07 2.485190255966286682e-08 5.198417903113379279e-09 1.022215461489247137e-09 1.891438110729806351e-10 3.296528969277267278e-11 5.417355463979847580e-12 8.403144979426661614e-13 1.231627450434316589e-13 1.707466454447676318e-14 2.241280636634621844e-15 2.788826784517736182e-16 3.296335895666652211e-17 3.722743548846075991e-18 3.539852800162074039e-19 -6.253718216203531966e-20 -9.797936839957593470e-21
-5.230486155927495338e-20 2.624095700102399388e-19 3.116329053150411980e-18 2.810941487695856320e-17 2.426065260714967971e-16 1.991843246292084986e-15 1.551345997570333995e-14 1.144860301925677579e-13 7.997601309965346665e-13 5.283005538961053369e-12 3.296528969277265986e-11 1.940992012272468365e-10 1.077261436919036421e-09 5.629860788892125820e-09 2.767679362592719279e-08 1.278652299140592970e-07 5.546180142146806806e-07 2.256423823226172437e-06 8.601556982978920173e-06 3.068471723636564269e-05 1.022706823176200560e-04 3.177723480833634221e-04 9.175790678481787538e-04 2.454372847349577894e-03 6.052872813496865297e-03 1.364420519670732530e-02 2.919432784557670496e-02 5.808939054021988735e-02 9.969689187753337511e-02 1.492826985006451279e-01 2.027422812779655914e-01 2.573210254075292136e-01 3.113113172801016959e-01 3.636834066405645327e-01 4.137956004769101637e-01 4.611529913644869527e-01 5.052884720057347900e-01 5.457983735204199327e-01 5.824407562745315126e-01 6.151213119070859658e-01 6.438324203678364999e-01 6.686316404919613321e-01 6.897093096760353870e-01 7.073462804619712330e-01 7.218214728900376187e-01 7.333591506104479851e-01 7.421829924872185291e-01 7.485379029625617298e-01 7.526496994146858466e-01 7.546672103988021352e-01 7.546672103987978053e-01 7.526496994146789632e-01 7.485379029625718328e-01 7.421829924872311857e-01 7.333591506104484292e-01 7.218214728900308463e-01 7.073462804619674582e-01 6.897093096760369413e-01 6.686316404919623313e-01 6.438324203678363888e-01 6.151213119070855218e-01 5.824407562745311795e-01 5.457983735204197107e-01 5.052884720057346790e-01 4.611529913644868972e-01 4.137956004769102747e-01 3.636834066405645327e-01 3.113113172801016404e-01 2.573210254075291026e-01 2.027422812779655359e-01 1.492826985006450724e-01 9.969689187753323634e-02 5.808939054021974163e-02 2.919432784557659741e-02 1.364420519670728020e-02 6.052872813496847949e-03 2.454372847349572690e-03 9.175790678481777780e-04 3.177723480833632053e-04 1.022706823176200831e-04 3.068471723636565624e-05 8.601556982978921867e-06 2.256423823226173708e-06 5.546180142146809983e-07 1.278652299140593764e-07 2.767679362592720271e-08 5.629860788892129129e-09 1.077261436919036835e-09 1.940992012272469140e-10 3.296528969277266632e-11 5.283005538961055792e-12 7.997601309965348685e-13 1.144860301925677579e-13 1.551345997570333995e-14 1.991843246292085381e-15 2.426065260714967478e-16 2.810941487695855704e-17 3.116329053150410439e-18 2.624095700102396980e-19 -5.230486155927494736e-20
1.540054510275459591e-19 2.488409358676092846e-18 2.290118488444759211e-17 2.013695189825405105e-16 1.687966626488321890e-15 1.343184276094122984e-14 1.013454172957673700e-13 7.243603944978035657e-13 4.899397876862694710e-12 3.132639192516163027e-11 1.891438110729805317e-10 1.077261436919036421e-09 5.781429395552774460e-09 2.920667968554740129e-08 1.387463437786926257e-07 6.191864556544230873e-07 2.593264984588368828e-06 1.018203068288622623e-05 3.743227481596663793e-05 1.286438409813356310e-04 4.124103621531848723e-04 1.229163767717826074e-03 3.394730280563876268e-03 8.604531378395570418e-03 2.012980974708393142e-02 4.485527804122384915e-02 8.565068205052009387e-02 1.375135860958683898e-01 1.950341337513080142e-01 2.546448121674025900e-01 3.142887153891746888e-01 3.727627654643866917e-01 4.292192810506010314e-01 4.829269543280778065e-01 5.332020727693534967e-01 5.794325712832518738e-01 6.211261004467816260e-01 6.579937116049745516e-01 6.900030340528929829e-01 7.173217413840897727e-01 7.402324920270280106e-01 7.590804759303840799e-01 7.743077362439215738e-01 7.864096658825078245e-01 7.958562850096526642e-01 8.030108204498198621e-01 8.081933135558834191e-01 8.117569738744850882e-01 8.140264632914421261e-01 8.151504908150050133e-01 8.151504908150077888e-01 8.140264632914369081e-01 8.117569738744804253e-01 8.081933135559035142e-01 8.030108204498476177e-01 7.958562850096615460e-01 7.864096658825038277e-01 7.743077362439169109e-01 7.590804759303848570e-01 7.402324920270290098e-01 7.173217413840893286e-01 6.900030340528924278e-01 6.579937116049737744e-01 6.211261004467812930e-01 5.794325712832515407e-01 5.332020727693533857e-01 4.829269543280778620e-01 4.292192810506011424e-01 3.727627654643868027e-01 3.142887153891746888e-01 2.546448121674025900e-01 1.950341337513079865e-01 1.375135860958682232e-01 8.565068205051992734e-02 4.485527804122371731e-02 2.012980974708387244e-02 8.604531378395553071e-03 3.394730280563872365e-03 1.229163767717826074e-03 4.124103621531848723e-04 1.286438409813356581e-04 3.743227481596665825e-05 1.018203068288623300e-05 2.593264984588370098e-06 6.191864556544236167e-07 1.387463437786926786e-07 2.920667968554742114e-08 5.781429395552777769e-09 1.077261436919036835e-09 1.891438110729805834e-10 3.132639192516163027e-11 4.899397876862696326e-12 7.243603944978036666e-13 1.013454172957673826e-13 1.343184276094122826e-14 1.687966626488321890e-15 2.013695189825403626e-16 2.290118488444758287e-17 2.488409358676091690e-18 1.540054510275457665e-19
1.719399878373369661e-18 1.787635313691051839e-17 1.593613484407586551e-16 1.363568040085700020e-15 1.107910108186520275e-14 8.541401472921019289e-14 6.242309063433724292e-13 4.320298343787859398e-12 2.828658073716309277e-11 1.750169694909775070e-10 1.022215461489246723e-09 5.629860788892125820e-09 2.920667968554740129e-08 1.425743850749306094e-07 6.542274882844256127e-07 2.819007209355789230e-06 1.139395542552419912e-05 4.314542018985646185e-05 1.528299994181624285e-04 5.053574457450285681e-04 1.554579150954262055e-03 4.433564981478471494e-03 1.157088888113026737e-02 2.855596727917196487e-02 6.350239178184045874e-02 1.143445182470459037e-01 1.740344481863936865e-01 2.375373215845757446e-01 3.020886973046248980e-01 3.662238351538810166e-01 4.289086356249073861e-01 4.890928722857902367e-01 5.456529453829139786e-01 5.975970907359067219e-01 6.441996558623278579e-01 6.850254274898983642e-01 7.199255326902265217e-01 7.490152082062395689e-01 7.726500837125660492e-01 7.913350877274993866e-01 8.056452247650778276e-01 8.162223262045411598e-01 8.237520826284774333e-01 8.288664228405638879e-01 8.321291207051423333e-01 8.340234742552168345e-01 8.349808847223252339e-01 8.353883954424888847e-01 8.355537466038196470e-01 8.356235627209996908e-01 8.356235627210273353e-01 8.355537466038385208e-01 8.353883954424594638e-01 8.349808847223041397e-01 8.340234742552679048e-01 8.321291207051872973e-01 8.288664228405708823e-01 8.237520826284676634e-01 8.162223262045350536e-01 8.056452247650787157e-01 7.913350877275000528e-01 7.726500837125656052e-01 7.490152082062390138e-01 7.199255326902258556e-01 6.850254274898974760e-01 6.441996558623270808e-01 5.975970907359062778e-01 5.456529453829142007e-01 4.890928722857903477e-01 4.289086356249074417e-01 3.662238351538810166e-01 3.020886973046248980e-01 2.375373215845756614e-01 1.740344481863935477e-01 1.143445182470457372e-01 6.350239178184031996e-02 2.855596727917190936e-02 1.157088888113026043e-02 4.433564981478470626e-03 1.554579150954262055e-03 5.053574457450286765e-04 1.528299994181625098e-04 4.314542018985649573e-05 1.139395542552420759e-05 2.819007209355790501e-06 6.542274882844260362e-07 1.425743850749306359e-07 2.920667968554741453e-08 5.629860788892129129e-09 1.022215461489246930e-09 1.750169694909775587e-10 2.828658073716309923e-11 4.320298343787860206e-12 6.242309063433724292e-13 8.541401472921016764e-14 1.107910108186520275e-14 1.363568040085699626e-15 1.593613484407586058e-16 1.787635313691050606e-17 1.719399878373368890e-18
1.151800302580201160e-17 1.212728555195247364e-16 1.049050206589251131e-15 8.702613824976099609e-15 6.851431668420712972e-14 5.116935547573221377e-13 3.621571388161144986e-12 2.426574503508610001e-11 1.537575804102711338e-10 9.203520536131736813e-10 5.198417903113375970e-09 2.767679362592719279e-08 1.387463437786926257e-07 6.542274882844256127e-07 2.898533063977705192e-06 1.205299792414223222e-05 4.698491081831422612e-05 1.714480044841830875e-04 5.844999609027921655e-04 1.855592259582684866e-03 5.467134674892561337e-03 1.476675487320102363e-02 3.820059602903606855e-02 8.248214568071612907e-02 1.412484740131381977e-01 2.069370941181936097e-01 2.752944573177485421e-01 3.443269028254952180e-01 4.128272614896215109e-01 4.794598640946634571e-01 5.426337566031453896e-01 6.008252284351008887e-01 6.528577070661307769e-01 6.980293686865406411e-01 7.360716353514281662e-01 7.670487127111481618e-01 7.913022687071180616e-01 8.094018986153225237e-01 8.220654259994257806e-01 8.300793855762091944e-01 8.342419348348475427e-01 8.353936066530186499e-01 8.343979246933683758e-01 8.319881304576056680e-01 8.286950170212414868e-01 8.250227157247391752e-01 8.215145577068925231e-01 8.186345236196659325e-01 8.166662867489336008e-01 8.156944655608178163e-01 8.156944655607811789e-01 8.166662867489679067e-01 8.186345236196899133e-01 8.215145577067739513e-01 8.250227157246688980e-01 8.286950170213096545e-01 8.319881304576809411e-01 8.343979246933831417e-01 8.353936066530054383e-01 8.342419348348348862e-01 8.300793855762134132e-01 8.220654259994275570e-01 8.094018986153228568e-01 7.913022687071185057e-01 7.670487127111482728e-01 7.360716353514271670e-01 6.980293686865395308e-01 6.528577070661299997e-01 6.008252284351008887e-01 5.426337566031453896e-01 4.794598640946634571e-01 4.128272614896214554e-01 3.443269028254951625e-01 2.752944573177484866e-01 2.069370941181935264e-01 1.412484740131380589e-01 8.248214568071600417e-02 3.820059602903601997e-02 1.476675487320101843e-02 5.467134674892563072e-03 1.855592259582685517e-03 5.844999609027925992e-04 1.714480044841831959e-04 4.698491081831426001e-05 1.205299792414224069e-05 2.898533063977707310e-06 6.542274882844260362e-07 1.387463437786926521e-07 2.767679362592719610e-08 5.198417903113375970e-09 9.203520536131739915e-10 1.537575804102711597e-10 2.426574503508610324e-11 3.621571388161145389e-12 5.116935547573220367e-13 6.851431668420710447e-14 8.702613824976096454e-15 1.049050206589250539e-15 1.212728555195246624e-16 1.151800302580200544e-17
