7.128496816402807941e-24 -3.244319380297991977e-23 -1.103014255489393613e-23 1.493255890230698158e-22 -5.736217358594578479e-23 -5.789724759469592074e-22 5.137259751414708037e-22 2.065874505251465013e-21 -2.599393364970256956e-21 -7.016612805319810643e-21 1.063116268648419014e-20 2.460623040454780610e-20 -3.318923632624556752e-20 -7.533557077692220190e-20 4.611360656903132697e-19 4.536400790471208363e-18 4.024179490812014282e-17 3.271048657853723571e-16 2.427348437551572743e-15 1.642046209689193833e-14 1.013522227568714683e-13 5.714236625387873153e-13 2.946518067518046295e-12 1.391636111839491528e-11 6.030016993095236087e-11 2.401243434980871936e-10 8.802704135934153394e-10 2.975291181906875741e-09 9.284089653994374355e-09 2.677209846422058690e-08 7.138978596473093505e-08 1.760886592828044916e-07 4.022950769897858727e-07 8.546363002080268518e-07 1.696738800244100416e-06 3.162245248807088783e-06 5.553130064419068740e-06 9.221279362865675730e-06 1.453639942481634144e-05 2.183719861527250115e-05 3.136813211413243426e-05 4.320224862029150648e-05 5.717205302745468151e-05 7.282343212612316411e-05 8.940758313937883215e-05 1.058976604682061197e-04 1.211371029331990219e-04 1.339162782209440147e-04 1.431368190173878789e-04 1.479686536493810174e-04 1.479686536493810716e-04 1.431368190173879602e-04 1.339162782209440147e-04 1.211371029331990219e-04 1.058976604682061468e-04 8.940758313937884570e-05 7.282343212612317766e-05 5.717205302745468151e-05 4.320224862029152003e-05 3.136813211413244781e-05 2.183719861527250115e-05 1.453639942481633974e-05 9.221279362865674036e-06 5.553130064419067046e-06 3.162245248807087513e-06 1.696738800244099357e-06 8.546363002080255812e-07 4.022950769897849198e-07 1.760886592828038828e-07 7.138978596473063065e-08 2.677209846422044463e-08 9.284089653994319761e-09 2.975291181906857543e-09 8.802704135934103763e-10 2.401243434980861596e-10 6.030016993095214116e-11 1.391636111839487489e-11 2.946518067518040237e-12 5.714236625387865075e-13 1.013522227568713925e-13 1.642046209689192887e-14 2.427348437551571560e-15 3.271048657853722585e-16 4.024179490812011817e-17 4.536400790471208363e-18 4.611360656903132697e-19 -7.533557077692220190e-20 -3.318923632624557354e-20 2.460623040454780911e-20 1.063116268648418864e-20 -7.016612805319810643e-21 -2.599393364970258460e-21 2.065874505251465013e-21 5.137259751414709918e-22 -5.789724759469593955e-22 -5.736217358594587883e-23 1.493255890230698158e-22 -1.103014255489395964e-23 -3.244319380297991389e-23 7.128496816402803533e-24
-3.244319380297991977e-23 -1.640813867891754337e-23 1.720432135908889831e-22 -5.388635864278806522e-23 -6.891897849449028294e-22 5.951747001449612530e-22 2.489814584942222054e-21 -3.229212066299519363e-21 -8.472286267471124116e-21 1.401063257243163924e-20 2.900279376344857589e-20 -4.778409234530738833e-20 -8.642072790254770320e-20 7.020228094319903590e-19 6.894766448792115732e-18 6.502653097465906073e-17 5.527676093057417039e-16 4.286393693748302515e-15 3.035049606528182801e-14 1.963014918138563576e-13 1.160818839629262488e-12 6.282605210896768965e-12 3.115877945079395477e-11 1.418066651911026128e-10 5.931352439995554429e-10 2.283657976590485229e-09 8.105246048969713757e-09 2.655212506453259336e-08 8.036126129070298588e-08 2.248682270670345863e-07 5.821137425497241554e-07 1.395166385462505328e-06 3.102945317202425133e-06 6.433126268952648926e-06 1.249513213119713400e-05 2.283474697853981922e-05 3.940725594145644126e-05 6.444716510162176086e-05 1.002505167024411118e-04 1.488514850177743445e-04 2.116147879529095956e-04 2.887578024247291477e-04 3.789574777953195008e-04 4.791136600023417655e-04 5.843476782356254659e-04 6.881911086695832042e-04 7.835086533840436270e-04 8.629710838492150350e-04 9.200440095968300197e-04 9.498618019394807280e-04 9.498618019394805111e-04 9.200440095968302366e-04 8.629710838492152519e-04 7.835086533840437354e-04 6.881911086695834210e-04 5.843476782356254659e-04 4.791136600023418739e-04 3.789574777953196093e-04 2.887578024247292019e-04 2.116147879529096498e-04 1.488514850177743445e-04 1.002505167024410847e-04 6.444716510162173376e-05 3.940725594145643449e-05 2.283474697853981583e-05 1.249513213119712723e-05 6.433126268952638761e-06 3.102945317202418357e-06 1.395166385462500246e-06 5.821137425497215085e-07 2.248682270670333423e-07 8.036126129070248296e-08 2.655212506453244116e-08 8.105246048969667435e-09 2.283657976590475716e-09 5.931352439995533750e-10 1.418066651911022250e-10 3.115877945079389661e-11 6.282605210896761695e-12 1.160818839629261479e-12 1.963014918138562061e-13 3.035049606528181539e-14 4.286393693748302515e-15 5.527676093057417039e-16 6.502653097465908538e-17 6.894766448792118043e-18 7.020228094319903590e-19 -8.642072790254766709e-20 -4.778409234530739435e-20 2.900279376344858191e-20 1.401063257243163924e-20 -8.472286267471124116e-21 -3.229212066299521620e-21 2.489814584942221678e-21 5.951747001449609709e-22 -6.891897849449028294e-22 -5.388635864278802996e-23 1.720432135908889361e-22 -1.640813867891759039e-23 -3.244319380297991389e-23
-1.103014255489393613e-23 1.720432135908889831e-22 -5.411427514229860092e-23 -7.088866693777938758e-22 6.509004263032696838e-22 2.553721906921463567e-21 -3.644761298814178228e-21 -8.533732235197911336e-21 1.627075183931068546e-20 2.831140456881800264e-20 -5.786523295752216546e-20 -7.692225988605692076e-20 9.255413343482172535e-19 9.294081949979439367e-18 8.934819729615324308e-17 7.840338395849278587e-16 6.279714481136536773e-15 4.596770992954765381e-14 3.075909520451871494e-13 1.882871160910367170e-12 1.055273399342699010e-11 5.420575729915043008e-11 2.554946517564852509e-10 1.106522102362324916e-09 4.409586320972515849e-09 1.619161494836976847e-08 5.484557644483351762e-08 1.715166690933167763e-07 4.954350490413953817e-07 1.322316264546250011e-06 3.262982268849524476e-06 7.455989528168550641e-06 1.583428041903090270e-05 3.141988102474718074e-05 5.854713731899977903e-05 1.028803436564998543e-04 1.711403971070310059e-04 2.705395216387845555e-04 4.079939256327114790e-04 5.889921449800238507e-04 8.162161422039887438e-04 1.088221478772667455e-03 1.398653435100359957e-03 1.735920912733049902e-03 2.083481001810088412e-03 2.420929360462999343e-03 2.726524257452257564e-03 2.978524159642771847e-03 3.158083856975976624e-03 3.251424234238125578e-03 3.251424234238125578e-03 3.158083856975977925e-03 2.978524159642771847e-03 2.726524257452257564e-03 2.420929360462999776e-03 2.083481001810088412e-03 1.735920912733049902e-03 1.398653435100360174e-03 1.088221478772667238e-03 8.162161422039890691e-04 5.889921449800238507e-04 4.079939256327114248e-04 2.705395216387844470e-04 1.711403971070310059e-04 1.028803436564998137e-04 5.854713731899975192e-05 3.141988102474714686e-05 1.583428041903086882e-05 7.455989528168530312e-06 3.262982268849511771e-06 1.322316264546242811e-06 4.954350490413922053e-07 1.715166690933157705e-07 5.484557644483323969e-08 1.619161494836969899e-08 4.409586320972500959e-09 1.106522102362322021e-09 2.554946517564847339e-10 5.420575729915033961e-11 1.055273399342698526e-11 1.882871160910366767e-12 3.075909520451870990e-13 4.596770992954764749e-14 6.279714481136535195e-15 7.840338395849281545e-16 8.934819729615328006e-17 9.294081949979440908e-18 9.255413343482174461e-19 -7.692225988605683650e-20 -5.786523295752214139e-20 2.831140456881800264e-20 1.627075183931068546e-20 -8.533732235197909831e-21 -3.644761298814178228e-21 2.553721906921463567e-21 6.509004263032691195e-22 -7.088866693777939699e-22 -5.411427514229871847e-23 1.720432135908889831e-22 -1.103014255489396110e-23
1.493255890230698158e-22 -5.388635864278806522e-23 -7.088866693777938758e-22 6.766455072046804514e-22 2.561977908905204689e-21 -3.915470322570843231e-21 -8.405942433351735386e-21 1.794936721356837264e-20 2.687159453933111822e-20 -6.589097349936162383e-20 -6.048210146192909106e-20 1.143082270106202780e-18 1.185257807310797363e-17 1.169241098710907942e-16 1.059014286878240584e-15 8.757132162849923289e-15 6.624206468193371046e-14 4.584734502034773800e-13 2.905054495214971999e-12 1.686374176293231981e-11 8.975711709130961653e-11 4.384620348255869733e-10 1.968103926536507703e-09 8.127730522859971854e-09 3.092071939699621202e-08 1.084870749355384945e-07 3.513194324884381108e-07 1.050455624802953464e-06 2.900227030442226793e-06 7.395935446419453927e-06 1.744102136722420419e-05 3.814251768494288200e-05 7.773510486952522761e-05 1.484724810898846155e-04 2.670585557374904537e-04 4.542992305784025308e-04 7.337271711792811351e-04 1.129354796028681938e-03 1.662979935747624328e-03 2.350307172096818831e-03 3.196993689284051681e-03 4.194481391825452196e-03 5.316834487491826737e-03 6.520053688734619296e-03 7.743994922323107349e-03 8.918260721191777207e-03 9.970121296769256930e-03 1.082987723148804045e-02 1.143869953238422013e-02 1.175406782316760178e-02 1.175406782316759831e-02 1.143869953238421319e-02 1.082987723148804392e-02 9.970121296769256930e-03 8.918260721191773738e-03 7.743994922323104747e-03 6.520053688734621898e-03 5.316834487491826737e-03 4.194481391825452196e-03 3.196993689284051681e-03 2.350307172096819264e-03 1.662979935747624111e-03 1.129354796028681504e-03 7.337271711792809183e-04 4.542992305784023140e-04 2.670585557374903995e-04 1.484724810898844800e-04 7.773510486952509208e-05 3.814251768494277358e-05 1.744102136722413982e-05 7.395935446419416658e-06 2.900227030442209429e-06 1.050455624802947535e-06 3.513194324884362579e-07 1.084870749355380445e-07 3.092071939699611938e-08 8.127730522859948693e-09 1.968103926536504394e-09 4.384620348255864563e-10 8.975711709130957776e-11 1.686374176293231981e-11 2.905054495214972403e-12 4.584734502034773800e-13 6.624206468193371046e-14 8.757132162849924867e-15 1.059014286878241176e-15 1.169241098710908435e-16 1.185257807310798288e-17 1.143082270106203165e-18 -6.048210146192901883e-20 -6.589097349936161179e-20 2.687159453933111220e-20 1.794936721356837866e-20 -8.405942433351735386e-21 -3.915470322570842479e-21 2.561977908905204312e-21 6.766455072046807335e-22 -7.088866693777939699e-22 -5.388635864278807698e-23 1.493255890230697687e-22
-5.736217358594578479e-23 -6.891897849449028294e-22 6.509004263032696838e-22 2.561977908905204689e-21 -3.996333341945370724e-21 -8.331211951378510877e-21 1.888645649220501748e-20 2.574879791241513523e-20 -7.134801771627809900e-20 -4.378732701660505728e-20 1.335393439492778457e-18 1.437871058867235751e-17 1.456304281159552006e-16 1.358593636583324488e-15 1.158414026364197248e-14 9.043339413191925960e-14 6.465708199504852526e-13 4.235653923001710036e-12 2.543757088891701242e-11 1.401394167961876728e-10 7.087966529946891623e-10 3.294417500007408553e-09 1.408662943049825175e-08 5.547585401934005152e-08 2.014321449340152830e-07 6.748779232456096456e-07 2.087085045015711781e-06 5.956722185178520218e-06 1.568701956869281763e-05 3.814319127904060460e-05 8.582266712351183427e-05 1.794520540905417539e-04 3.507065903299321267e-04 6.441597165332051079e-04 1.116959455186416388e-03 1.836420898843650618e-03 2.875560209871550789e-03 4.307352849642173860e-03 6.189759403872197377e-03 8.547535318111686500e-03 1.136292134310078715e-02 1.457663085912358145e-02 1.810080985329805964e-02 2.183182147948422788e-02 2.563453848126327761e-02 2.932234522216130290e-02 3.266312916825623441e-02 3.541867836247321322e-02 3.738387135690479646e-02 3.840712704672934186e-02 3.840712704672932798e-02 3.738387135690476870e-02 3.541867836247324791e-02 3.266312916825626217e-02 2.932234522216130984e-02 2.563453848126326720e-02 2.183182147948423829e-02 1.810080985329807005e-02 1.457663085912358492e-02 1.136292134310078715e-02 8.547535318111684766e-03 6.189759403872196510e-03 4.307352849642172993e-03 2.875560209871549922e-03 1.836420898843649750e-03 1.116959455186415737e-03 6.441597165332045658e-04 3.507065903299315846e-04 1.794520540905412932e-04 8.582266712351154967e-05 3.814319127904041486e-05 1.568701956869272954e-05 5.956722185178483795e-06 2.087085045015701194e-06 6.748779232456067869e-07 2.014321449340146478e-07 5.547585401933992579e-08 1.408662943049822694e-08 3.294417500007404831e-09 7.087966529946891623e-10 1.401394167961876728e-10 2.543757088891700596e-11 4.235653923001710844e-12 6.465708199504853536e-13 9.043339413191931009e-14 1.158414026364197721e-14 1.358593636583324883e-15 1.456304281159552499e-16 1.437871058867236676e-17 1.335393439492778649e-18 -4.378732701660498506e-20 -7.134801771627814715e-20 2.574879791241513222e-20 1.888645649220500845e-20 -8.331211951378513886e-21 -3.996333341945369971e-21 2.561977908905204689e-21 6.509004263032693076e-22 -6.891897849449028294e-22 -5.736217358594583181e-23
-5.789724759469592074e-22 5.951747001449612530e-22 2.553721906921463567e-21 -3.915470322570843231e-21 -8.331211951378510877e-21 1.919353846104267989e-20 2.512952677914680510e-20 -7.455336655260969523e-20 -3.063078684276328171e-20 1.488459552877783805e-18 1.660766936059524653e-17 1.726521004994791610e-16 1.656796516163239557e-15 1.454864276360418870e-14 1.170729847296675778e-13 8.636446633478009661e-13 5.842623650736142364e-12 3.626216916162574510e-11 2.065780293242293048e-10 1.080855064657636321e-09 5.198033712172806055e-09 2.299823495060878821e-08 9.370511097689849651e-08 3.519334922416809630e-07 1.219312889886504658e-06 3.898345158357537824e-06 1.149904384322216345e-05 3.127468318580831937e-05 7.841982517592115977e-05 1.815717253418387570e-04 3.896424070008854077e-04 7.790771983102890699e-04 1.459943116828265382e-03 2.579072933337069919e-03 4.319715575066379945e-03 6.878063166186164888e-03 1.042785103542833054e-02 1.510871101611342346e-02 2.107799566603898306e-02 2.862273518046113199e-02 3.791219909733072047e-02 4.865989410527915560e-02 6.025190578359786164e-02 7.197550243298901640e-02 8.313860310562053157e-02 9.316937353013977907e-02 1.016327200257787916e-01 1.082313685711522311e-01 1.127621052284427383e-01 1.150730083444662377e-01 1.150730083444662794e-01 1.127621052284427106e-01 1.082313685711522588e-01 1.016327200257790137e-01 9.316937353013990397e-02 8.313860310562050382e-02 7.197550243298894701e-02 6.025190578359792409e-02 4.865989410527920417e-02 3.791219909733069271e-02 2.862273518046112158e-02 2.107799566603897612e-02 1.510871101611341652e-02 1.042785103542833054e-02 6.878063166186162286e-03 4.319715575066377343e-03 2.579072933337067750e-03 1.459943116828263431e-03 7.790771983102870099e-04 3.896424070008842151e-04 1.815717253418379167e-04 7.841982517592073964e-05 3.127468318580813641e-05 1.149904384322209908e-05 3.898345158357520883e-06 1.219312889886501058e-06 3.519334922416801689e-07 9.370511097689836416e-08 2.299823495060876174e-08 5.198033712172804400e-09 1.080855064657636321e-09 2.065780293242293823e-10 3.626216916162575803e-11 5.842623650736141556e-12 8.636446633478014710e-13 1.170729847296676030e-13 1.454864276360419501e-14 1.656796516163240543e-15 1.726521004994792350e-16 1.660766936059524653e-17 1.488459552877783997e-18 -3.063078684276322153e-20 -7.455336655260969523e-20 2.512952677914680510e-20 1.919353846104267688e-20 -8.331211951378507868e-21 -3.915470322570842479e-21 2.553721906921462439e-21 5.951747001449609709e-22 -5.789724759469592074e-22
5.137259751414708037e-22 2.489814584942222054e-21 -3.644761298814178228e-21 -8.405942433351735386e-21 1.888645649220501748e-20 2.512952677914680510e-20 -7.560313207569926150e-20 -2.349673144457222670e-20 1.587587561267928435e-18 1.827530634550527797e-17 1.949122964543880689e-16 1.921717755660855213e-15 1.735826363455988731e-14 1.438159216243642801e-13 1.093387058710302083e-12 7.630037771175165717e-12 4.888771972398670361e-11 2.877054181233460312e-10 1.555860993848971590e-09 7.736172017249188205e-09 3.539407571834796296e-08 1.491218753594181818e-07 5.790514066442544295e-07 2.073745320548308793e-06 6.851822560133143285e-06 2.088223115523238368e-05 5.865460281851225485e-05 1.517149641702705918e-04 3.616098133989386850e-04 7.964369549413556756e-04 1.628680475754108823e-03 3.116451191391787952e-03 5.613399666576268827e-03 9.526380118071827580e-03 1.527143266299095699e-02 2.346306337441646586e-02 3.524098763279853719e-02 5.111878955829664978e-02 7.039180868963823556e-02 9.170944622098983756e-02 1.136474653742203800e-01 1.351299438850398216e-01 1.554046421655301546e-01 1.739236369221932865e-01 1.903011526304420886e-01 2.042764045710486753e-01 2.156659276672122649e-01 2.243316687175896385e-01 2.301683722947203414e-01 2.331041997611436600e-01 2.331041997611439376e-01 2.301683722947206745e-01 2.243316687175891944e-01 2.156659276672117098e-01 2.042764045710488419e-01 1.903011526304422274e-01 1.739236369221932865e-01 1.554046421655299604e-01 1.351299438850399326e-01 1.136474653742205049e-01 9.170944622098978205e-02 7.039180868963823556e-02 5.111878955829663590e-02 3.524098763279852331e-02 2.346306337441646239e-02 1.527143266299094485e-02 9.526380118071817171e-03 5.613399666576260154e-03 3.116451191391781880e-03 1.628680475754104269e-03 7.964369549413528567e-04 3.616098133989369503e-04 1.517149641702697786e-04 5.865460281851194314e-05 2.088223115523229220e-05 6.851822560133120415e-06 2.073745320548304135e-06 5.790514066442534766e-07 1.491218753594180495e-07 3.539407571834794311e-08 7.736172017249188205e-09 1.555860993848971797e-09 2.877054181233461346e-10 4.888771972398671008e-11 7.630037771175168948e-12 1.093387058710302487e-12 1.438159216243643053e-13 1.735826363455989677e-14 1.921717755660856396e-15 1.949122964543881429e-16 1.827530634550528722e-17 1.587587561267928820e-18 -2.349673144457214846e-20 -7.560313207569928558e-20 2.512952677914680811e-20 1.888645649220501447e-20 -8.405942433351738396e-21 -3.644761298814176723e-21 2.489814584942221678e-21 5.137259751414704276e-22
2.065874505251465013e-21 -3.229212066299519363e-21 -8.533732235197911336e-21 1.794936721356837264e-20 2.574879791241513523e-20 -7.455336655260969523e-20 -2.349673144457222670e-20 1.621993365961073895e-18 1.916865770481758388e-17 2.095963006598293867e-16 2.120973720457323917e-15 1.968466226135501479e-14 1.677310079971879984e-13 1.312757262907109568e-12 9.439315694372531311e-12 6.237100137655586926e-11 3.788089598524382964e-10 2.115407893079871092e-09 1.086662131065785229e-08 5.137660538756913705e-08 2.237139155221331547e-07 8.977895025617694438e-07 3.322489313155462353e-06 1.134204358795390884e-05 3.570791809206197139e-05 1.035825876431503391e-04 2.764946889936612906e-04 6.786708401378114576e-04 1.534418751141423433e-03 3.216303008736243717e-03 6.286112148676479064e-03 1.144267238768421208e-02 1.958475017881371183e-02 3.268552439642733592e-02 5.246334720323957840e-02 7.819091773268280199e-02 1.076373609155998473e-01 1.386253398583455754e-01 1.696894507656203643e-01 1.997811832831737910e-01 2.281748240567423036e-01 2.543945559943525669e-01 2.781228598289468557e-01 2.991383940253529716e-01 3.173115206040241776e-01 3.325893474751716039e-01 3.449226259449757470e-01 3.542112397259200574e-01 3.603677924537332933e-01 3.634096248702252119e-01 3.634096248702246013e-01 3.603677924537332933e-01 3.542112397259203904e-01 3.449226259449748588e-01 3.325893474751706602e-01 3.173115206040244551e-01 2.991383940253530271e-01 2.781228598289467446e-01 2.543945559943521229e-01 2.281748240567423036e-01 1.997811832831738743e-01 1.696894507656201978e-01 1.386253398583455476e-01 1.076373609155998473e-01 7.819091773268278811e-02 5.246334720323954370e-02 3.268552439642728735e-02 1.958475017881368060e-02 1.144267238768419473e-02 6.286112148676462584e-03 3.216303008736233742e-03 1.534418751141416928e-03 6.786708401378079882e-04 2.764946889936598269e-04 1.035825876431498648e-04 3.570791809206185619e-05 1.134204358795388343e-05 3.322489313155456424e-06 8.977895025617685968e-07 2.237139155221330753e-07 5.137660538756913705e-08 1.086662131065785891e-08 2.115407893079872333e-09 3.788089598524384515e-10 6.237100137655590804e-11 9.439315694372536158e-12 1.312757262907109971e-12 1.677310079971880993e-13 1.968466226135502426e-14 2.120973720457324705e-15 2.095963006598294114e-16 1.916865770481758388e-17 1.621993365961074473e-18 -2.349673144457217855e-20 -7.455336655260969523e-20 2.574879791241514426e-20 1.794936721356837866e-20 -8.533732235197909831e-21 -3.229212066299520115e-21 2.065874505251463884e-21
-2.599393364970256956e-21 -8.472286267471124116e-21 1.627075183931068546e-20 2.687159453933111822e-20 -7.134801771627809900e-20 -3.063078684276328171e-20 1.587587561267928435e-18 1.916865770481758388e-17 2.147280787501762032e-16 2.228065305955219434e-15 2.122461866179596332e-14 1.858028494368962732e-13 1.495423025910155989e-12 1.106782710626152585e-11 7.533983846991952749e-11 4.717642446550413046e-10 2.718048611994343157e-09 1.441299699509528264e-08 7.037151106459931454e-08 3.165243119789612396e-07 1.312269734534969729e-06 5.017081649729995470e-06 1.769261357129041373e-05 5.753606407078151654e-05 1.723819266870026210e-04 4.749988541065920601e-04 1.201334200145822090e-03 2.795453580510050013e-03 6.010107145909199429e-03 1.186844456417674581e-02 2.201146137510074513e-02 4.001341668944750907e-02 6.743488296413382987e-02 1.018125223473840130e-01 1.396527500642565645e-01 1.787866098014616323e-01 2.176163820156552242e-01 2.550825047321195194e-01 2.905421287420527632e-01 3.236120015083675527e-01 3.540252921417004206e-01 3.815818249355984459e-01 4.061676429394312504e-01 4.277317774399557182e-01 4.462421156233220554e-01 4.616900041840951152e-01 4.740604652014693832e-01 4.832954689840935902e-01 4.893588011839589136e-01 4.923284407737712476e-01 4.923284407737702484e-01 4.893588011839573593e-01 4.832954689840954776e-01 4.740604652014723253e-01 4.616900041840933944e-01 4.462421156233202235e-01 4.277317774399563288e-01 4.061676429394314169e-01 3.815818249355982794e-01 3.540252921416998655e-01 3.236120015083676082e-01 2.905421287420528187e-01 2.550825047321194083e-01 2.176163820156551132e-01 1.787866098014615768e-01 1.396527500642564257e-01 1.018125223473839852e-01 6.743488296413371885e-02 4.001341668944742580e-02 2.201146137510069656e-02 1.186844456417671632e-02 6.010107145909176010e-03 2.795453580510037436e-03 1.201334200145816235e-03 4.749988541065898917e-04 1.723819266870020247e-04 5.753606407078139457e-05 1.769261357129039001e-05 5.017081649729992929e-06 1.312269734534969306e-06 3.165243119789613455e-07 7.037151106459932777e-08 1.441299699509529257e-08 2.718048611994345639e-09 4.717642446550417182e-10 7.533983846991959211e-11 1.106782710626153070e-11 1.495423025910156595e-12 1.858028494368963742e-13 2.122461866179597279e-14 2.228065305955220617e-15 2.147280787501762772e-16 1.916865770481758388e-17 1.587587561267928820e-18 -3.063078684276326365e-20 -7.134801771627811104e-20 2.687159453933112123e-20 1.627075183931067342e-20 -8.472286267471125620e-21 -2.599393364970257708e-21
-7.016612805319810643e-21 1.401063257243163924e-20 2.831140456881800264e-20 -6.589097349936162383e-20 -4.378732701660505728e-20 1.488459552877783805e-18 1.827530634550527797e-17 2.095963006598293867e-16 2.228065305955219434e-15 2.176374790361871705e-14 1.955429841112416669e-13 1.616794367647828603e-12 1.230420028840588937e-11 8.619858504519855836e-11 5.559596779554199735e-10 3.301718372923140093e-09 1.805830716073325387e-08 9.098759920495453244e-08 4.224966768558825793e-07 1.808789413025332189e-06 7.142339228429452264e-06 2.601665782235045477e-05 8.739673432978236700e-05 2.704907116509884849e-04 7.696051786575666340e-04 2.009593101865493094e-03 4.822042963447984061e-03 1.051973178338219857e-02 2.133095662470059495e-02 4.232231782280772986e-02 7.538739791635641618e-02 1.164294106964422204e-01 1.612489783887465500e-01 2.072111152165961312e-01 2.526455991427243308e-01 2.966845019077130607e-01 3.387035731658255555e-01 3.782433273052537848e-01 4.150246190530184065e-01 4.488751808562586598e-01 4.796435087457914248e-01 5.071899733402288613e-01 5.314749401206828594e-01 5.525456019623733450e-01 5.704467233041177199e-01 5.851747359308105967e-01 5.967537128976387883e-01 6.052937764908782325e-01 6.109323060453206722e-01 6.137412573702560881e-01 6.137412573702587526e-01 6.109323060453196730e-01 6.052937764908763452e-01 5.967537128976418970e-01 5.851747359308177021e-01 5.704467233041161656e-01 5.525456019623712356e-01 5.314749401206840806e-01 5.071899733402296384e-01 4.796435087457912028e-01 4.488751808562578272e-01 4.150246190530184065e-01 3.782433273052538958e-01 3.387035731658251114e-01 2.966845019077129497e-01 2.526455991427242753e-01 2.072111152165960757e-01 1.612489783887464667e-01 1.164294106964420539e-01 7.538739791635629128e-02 4.232231782280764659e-02 2.133095662470053250e-02 1.051973178338215693e-02 4.822042963447961510e-03 2.009593101865484420e-03 7.696051786575640319e-04 2.704907116509878886e-04 8.739673432978227214e-05 2.601665782235043783e-05 7.142339228429449723e-06 1.808789413025332189e-06 4.224966768558828440e-07 9.098759920495459862e-08 1.805830716073327041e-08 3.301718372923142988e-09 5.559596779554202837e-10 8.619858504519859714e-11 1.230420028840589422e-11 1.616794367647829007e-12 1.955429841112417931e-13 2.176374790361871705e-14 2.228065305955219434e-15 2.095963006598294114e-16 1.827530634550528106e-17 1.488459552877783997e-18 -4.378732701660505728e-20 -6.589097349936159975e-20 2.831140456881800264e-20 1.401063257243163322e-20 -7.016612805319810643e-21
1.063116268648419014e-20 2.900279376344857589e-20 -5.786523295752216546e-20 -6.048210146192909106e-20 1.335393439492778457e-18 1.660766936059524653e-17 1.949122964543880689e-16 2.120973720457323917e-15 2.122461866179596332e-14 1.955429841112416669e-13 1.659365919955738824e-12 1.297244232255246802e-11 9.344042003754598589e-11 6.201718060554761712e-10 3.793004387838580726e-09 2.137958423419312859e-08 1.110823854440988799e-07 5.321634938234740894e-07 2.351512409504904344e-06 9.587075262128839980e-06 3.606729294800884014e-05 1.251682139888872297e-04 4.003040554512069210e-04 1.177039575720442406e-03 3.180011621422795115e-03 7.812015407004217933e-03 1.747799281591087134e-02 3.822054911600037547e-02 7.398889754925121187e-02 1.197313302465652929e-01 1.701319141816297065e-01 2.218976688571143996e-01 2.733048239813304914e-01 3.234413928192111376e-01 3.717165059347342093e-01 4.176442531034474381e-01 4.607840945254685350e-01 5.007712955815059042e-01 5.373487171645039417e-01 5.703250380868527536e-01 5.996170600104505644e-01 6.252288839208568483e-01 6.472727410344683019e-01 6.659537771800989603e-01 6.814912548567787498e-01 6.939921476945081213e-01 7.035709038468324072e-01 7.105102213302826319e-01 7.151267496674088564e-01 7.174874013332211975e-01 7.174874013332293021e-01 7.151267496674145185e-01 7.105102213302741943e-01 7.035709038468241916e-01 6.939921476945140055e-01 6.814912548567910733e-01 6.659537771800949635e-01 6.472727410344654153e-01 6.252288839208592908e-01 5.996170600104513415e-01 5.703250380868525315e-01 5.373487171645029425e-01 5.007712955815061262e-01 4.607840945254688680e-01 4.176442531034470496e-01 3.717165059347339318e-01 3.234413928192110266e-01 2.733048239813305469e-01 2.218976688571143718e-01 1.701319141816296232e-01 1.197313302465652096e-01 7.398889754925107309e-02 3.822054911600024363e-02 1.747799281591079848e-02 7.812015407004182371e-03 3.180011621422783406e-03 1.177039575720439371e-03 4.003040554512063247e-04 1.251682139888871754e-04 3.606729294800883336e-05 9.587075262128845062e-06 2.351512409504904767e-06 5.321634938234744071e-07 1.110823854440989726e-07 2.137958423419314844e-08 3.793004387838582380e-09 6.201718060554765848e-10 9.344042003754602467e-11 1.297244232255246964e-11 1.659365919955739429e-12 1.955429841112417426e-13 2.122461866179596648e-14 2.120973720457323917e-15 1.949122964543881429e-16 1.660766936059524653e-17 1.335393439492778457e-18 -6.048210146192911513e-20 -5.786523295752211731e-20 2.900279376344857589e-20 1.063116268648418563e-20
2.460623040454780610e-20 -4.778409234530738833e-20 -7.692225988605692076e-20 1.143082270106202780e-18 1.437871058867235751e-17 1.726521004994791610e-16 1.921717755660855213e-15 1.968466226135501479e-14 1.858028494368962732e-13 1.616794367647828603e-12 1.297244232255246802e-11 9.598525735253033275e-11 6.549727680871669580e-10 4.121815226870652275e-09 2.392343253286452012e-08 1.280797167339304327e-07 6.326282203754041248e-07 2.883685937612354569e-06 1.213382644487921213e-05 4.713590327896846345e-05 1.690030141766630525e-04 5.586942565472747309e-04 1.699199150558431586e-03 4.742418219250346158e-03 1.194487842889130000e-02 2.872300873044121225e-02 6.313740744833140628e-02 1.112645178040264776e-01 1.657394668911184310e-01 2.223794673559585933e-01 2.791964595800379145e-01 3.351584294755147186e-01 3.895746284067558296e-01 4.418150588962493908e-01 4.912556800084039166e-01 5.372513840591315315e-01 5.792617475856425280e-01 6.169773335115319446e-01 6.502931123029371818e-01 6.792160983192860879e-01 7.039075399020846557e-01 7.246528784057130190e-01 7.418187079049836097e-01 7.557784487622621894e-01 7.669137361934046382e-01 7.755474412796914407e-01 7.819656489151597389e-01 7.864966162540052430e-01 7.894659369095154977e-01 7.909825474796742251e-01 7.909825474796625677e-01 7.894659369095289314e-01 7.864966162540105721e-01 7.819656489151362022e-01 7.755474412796641293e-01 7.669137361934107444e-01 7.557784487622818403e-01 7.418187079049759491e-01 7.246528784057075789e-01 7.039075399020886525e-01 6.792160983192877532e-01 6.502931123029371818e-01 6.169773335115305013e-01 5.792617475856431941e-01 5.372513840591319756e-01 4.912556800084034725e-01 4.418150588962492242e-01 3.895746284067558296e-01 3.351584294755148297e-01 2.791964595800379700e-01 2.223794673559585933e-01 1.657394668911184310e-01 1.112645178040264082e-01 6.313740744833122587e-02 2.872300873044109082e-02 1.194487842889125490e-02 4.742418219250329678e-03 1.699199150558428550e-03 5.586942565472744057e-04 1.690030141766630525e-04 4.713590327896848378e-05 1.213382644487921552e-05 2.883685937612356687e-06 6.326282203754044424e-07 1.280797167339305650e-07 2.392343253286453336e-08 4.121815226870654757e-09 6.549727680871670614e-10 9.598525735253035860e-11 1.297244232255246964e-11 1.616794367647828603e-12 1.858028494368962985e-13 1.968466226135501795e-14 1.921717755660855213e-15 1.726521004994791610e-16 1.437871058867235751e-17 1.143082270106202587e-18 -7.692225988605692076e-20 -4.778409234530737027e-20 2.460623040454781212e-20
-3.318923632624556752e-20 -8.642072790254770320e-20 9.255413343482172535e-19 1.185257807310797363e-17 1.456304281159552006e-16 1.656796516163239557e-15 1.735826363455988731e-14 1.677310079971879984e-13 1.495423025910155989e-12 1.230420028840588937e-11 9.344042003754598589e-11 6.549727680871669580e-10 4.237568695581490141e-09 2.530570193996029570e-08 1.394937416732622373e-07 7.098852944433604320e-07 3.335938065410001660e-06 1.447971796093255910e-05 5.806195628308130483e-05 2.150560378302933233e-04 7.350198881748498062e-04 2.314319328047463771e-03 6.669286855230757705e-03 1.751479004223478741e-02 4.495615661543414521e-02 9.184627225861685673e-02 1.485795467896900146e-01 2.090258594220601451e-01 2.704573658019053251e-01 3.318051126333676493e-01 3.922173574809126873e-01 4.507861397649571833e-01 5.065170816525532693e-01 5.584295220237621704e-01 6.057217259600853332e-01 6.478551208176411835e-01 6.845579373148884539e-01 7.158644319859871485e-01 7.420335987603053907e-01 7.634325548774372194e-01 7.804983024305357509e-01 7.937839747501593823e-01 8.039451518626824500e-01 8.115014095178592068e-01 8.168900872423279225e-01 8.205864583099160559e-01 8.230787108588639711e-01 8.247205567146476124e-01 8.257166993246390918e-01 8.261920811512599716e-01 8.261920811512286633e-01 8.257166993246423115e-01 8.247205567146793648e-01 8.230787108588805134e-01 8.205864583098805287e-01 8.168900872422675263e-01 8.115014095178565423e-01 8.039451518627097615e-01 7.937839747501496124e-01 7.804983024305289785e-01 7.634325548774432146e-01 7.420335987603081662e-01 7.158644319859871485e-01 6.845579373148874547e-01 6.478551208176421827e-01 6.057217259600859993e-01 5.584295220237616153e-01 5.065170816525530473e-01 4.507861397649572388e-01 3.922173574809127983e-01 3.318051126333676493e-01 2.704573658019053251e-01 2.090258594220602562e-01 1.485795467896900701e-01 9.184627225861671795e-02 4.495615661543398561e-02 1.751479004223473190e-02 6.669286855230744694e-03 2.314319328047462036e-03 7.350198881748498062e-04 2.150560378302933775e-04 5.806195628308133871e-05 1.447971796093257096e-05 3.335938065410004201e-06 7.098852944433609614e-07 1.394937416732623167e-07 2.530570193996031555e-08 4.237568695581491795e-09 6.549727680871670614e-10 9.344042003754601174e-11 1.230420028840588937e-11 1.495423025910156191e-12 1.677310079971880236e-13 1.735826363455988415e-14 1.656796516163239163e-15 1.456304281159551512e-16 1.185257807310796901e-17 9.255413343482166757e-19 -8.642072790254770320e-20 -3.318923632624556151e-20
-7.533557077692220190e-20 7.020228094319903590e-19 9.294081949979439367e-18 1.169241098710907942e-16 1.358593636583324488e-15 1.454864276360418870e-14 1.438159216243642801e-13 1.312757262907109568e-12 1.106782710626152585e-11 8.619858504519855836e-11 6.201718060554761712e-10 4.121815226870652275e-09 2.530570193996029570e-08 1.435186692916215257e-07 7.519678634641443626e-07 3.640606662562031932e-06 1.629106956220477878e-05 6.739712582480174145e-05 2.577971710196160968e-04 9.109723927940301764e-04 2.972041987328466733e-03 8.855142667923561819e-03 2.495991737332690572e-02 6.384548692709909878e-02 1.199334989987380640e-01 1.827228853644870532e-01 2.477400403614725133e-01 3.136599568679985239e-01 3.795690012706444127e-01 4.443572936818042662e-01 5.065401521806973673e-01 5.646250534476561223e-01 6.174098165968057161e-01 6.641124197454021383e-01 7.043240963097670004e-01 7.379728609269931017e-01 7.652563938954549672e-01 7.866481401879116264e-01 8.027464995521026436e-01 8.142378416467015434e-01 8.218277389559198731e-01 8.262456680373362339e-01 8.282853012751175692e-01 8.286188355775712111e-01 8.276886652256182364e-01 8.260408700924981584e-01 8.242173467128066644e-01 8.226512390974586308e-01 8.215582101152205663e-01 8.210165116602189395e-01 8.210165116601766400e-01 8.215582101152201222e-01 8.226512390975109223e-01 8.242173467128532938e-01 8.260408700925341297e-01 8.276886652255476262e-01 8.286188355775278014e-01 8.282853012751355548e-01 8.262456680373564399e-01 8.218277389559014434e-01 8.142378416466956592e-01 8.027464995521103042e-01 7.866481401879152902e-01 7.652563938954546341e-01 7.379728609269924355e-01 7.043240963097678886e-01 6.641124197454029154e-01 6.174098165968050500e-01 5.646250534476560112e-01 5.065401521806973673e-01 4.443572936818040997e-01 3.795690012706444127e-01 3.136599568679985239e-01 2.477400403614725966e-01 1.827228853644870255e-01 1.199334989987379391e-01 6.384548692709896001e-02 2.495991737332682939e-02 8.855142667923551411e-03 2.972041987328466299e-03 9.109723927940305017e-04 2.577971710196163137e-04 6.739712582480176855e-05 1.629106956220479233e-05 3.640606662562033626e-06 7.519678634641447861e-07 1.435186692916216051e-07 2.530570193996030562e-08 4.121815226870653930e-09 6.201718060554762746e-10 8.619858504519855836e-11 1.106782710626152585e-11 1.312757262907109366e-12 1.438159216243642296e-13 1.454864276360418555e-14 1.358593636583324291e-15 1.169241098710907449e-16 9.294081949979436286e-18 7.020228094319897812e-19 -7.533557077692222597e-20
4.611360656903132697e-19 6.894766448792115732e-18 8.934819729615324308e-17 1.059014286878240584e-15 1.158414026364197248e-14 1.170729847296675778e-13 1.093387058710302083e-12 9.439315694372531311e-12 7.533983846991952749e-11 5.559596779554199735e-10 3.793004387838580726e-09 2.392343253286452012e-08 1.394937416732622373e-07 7.519678634641443626e-07 3.748216031996093155e-06 1.728018364151421042e-05 7.370963826066808126e-05 2.910030027682791146e-04 1.062856866801347106e-03 3.595021721898254610e-03 1.108948588362837669e-02 3.358033009328952739e-02 8.221557301186137312e-02 1.449155597366749149e-01 2.121740274794618464e-01 2.814090968364253986e-01 3.518816614159087641e-01 4.223989797878783814e-01 4.910662441833568148e-01 5.558002975748049801e-01 6.148311612766190759e-01 6.669366631739999107e-01 7.114438348764794418e-01 7.481441964569659486e-01 7.771889900889791258e-01 7.989865364478972998e-01 8.141747806938869347e-01 8.235875685971150162e-01 8.280374173837166119e-01 8.283768991652371572e-01 8.256294718288980095e-01 8.206833109253973690e-01 8.142576977170421504e-01 8.070882046200101856e-01 7.998063492259840368e-01 7.928757453895665108e-01 7.867388155936846372e-01 7.818401728061903366e-01 7.784933308564901955e-01 7.768265416035068371e-01 7.768265416035673443e-01 7.784933308564954135e-01 7.818401728060888622e-01 7.867388155937182770e-01 7.928757453897516960e-01 7.998063492259815943e-01 8.070882046198930571e-01 8.142576977169853070e-01 8.206833109254524361e-01 8.256294718289332035e-01 8.283768991651929703e-01 8.280374173837148355e-01 8.235875685971272286e-01 8.141747806938892662e-01 7.989865364478967447e-01 7.771889900889781266e-01 7.481441964569675029e-01 7.114438348764798858e-01 6.669366631739991336e-01 6.148311612766189649e-01 5.558002975748049801e-01 4.910662441833566483e-01 4.223989797878781594e-01 3.518816614159085976e-01 2.814090968364254541e-01 2.121740274794618741e-01 1.449155597366747483e-01 8.221557301186126210e-02 3.358033009328946494e-02 1.108948588362837322e-02 3.595021721898255911e-03 1.062856866801347973e-03 2.910030027682794940e-04 7.370963826066814903e-05 1.728018364151422058e-05 3.748216031996094849e-06 7.519678634641446802e-07 1.394937416732622903e-07 2.392343253286452012e-08 3.793004387838579898e-09 5.559596779554200769e-10 7.533983846991952749e-11 9.439315694372531311e-12 1.093387058710301679e-12 1.170729847296675273e-13 1.158414026364197090e-14 1.059014286878240189e-15 8.934819729615320610e-17 6.894766448792114962e-18 4.611360656903127883e-19
