2.055006555522571276e-24 1.235923689162315310e-24 -1.530913266800446216e-23 -6.170596248933391164e-25 9.503448745713920758e-23 -2.734185380343441943e-23 -5.452979902538835725e-22 3.052888554379018940e-22 3.298990138473899488e-21 -6.651720812996634375e-22 -1.416434549446994185e-20 2.459717745152135845e-20 4.014673543814391278e-19 2.854913282739882878e-18 1.974997088730745177e-17 1.291945631942003594e-16 7.942360285993296272e-16 4.583560460350834638e-15 2.481122191975277231e-14 1.258956657264406924e-13 5.985150035850719614e-13 2.664929739199784553e-12 1.111072548106167694e-11 4.336965203626861347e-11 1.584799022495596024e-10 5.420599585256138533e-10 1.734947409345200655e-09 5.193727066064715109e-09 1.453202517683386110e-08 3.797742413779844266e-08 9.266689847180912319e-08 2.112370734768187756e-07 4.507875037743874544e-07 9.036638851282415204e-07 1.707910586696558027e-06 3.053427545269855519e-06 5.179218217214964060e-06 8.358604276826768270e-06 1.287216208257984367e-05 1.896871999365468803e-05 2.681587912232385082e-05 3.644701348127677592e-05 4.771139915611039061e-05 6.024169337967146356e-05 7.344421977682134535e-05 8.651619340423829954e-05 9.855856503904277704e-05 1.086345095859371040e-04 1.158957503776421170e-04 1.196990931362898659e-04 1.196990931362898388e-04 1.158957503776421170e-04 1.086345095859371040e-04 9.855856503904277704e-05 8.651619340423829954e-05 7.344421977682134535e-05 6.024169337967144323e-05 4.771139915611038383e-05 3.644701348127678947e-05 2.681587912232385760e-05 1.896871999365468803e-05 1.287216208257984367e-05 8.358604276826764882e-06 5.179218217214964060e-06 3.053427545269853402e-06 1.707910586696557180e-06 9.036638851282402498e-07 4.507875037743865545e-07 2.112370734768181933e-07 9.266689847180875262e-08 3.797742413779827060e-08 1.453202517683378004e-08 5.193727066064686157e-09 1.734947409345191349e-09 5.420599585256115785e-10 1.584799022495590854e-10 4.336965203626849069e-11 1.111072548106164624e-11 2.664929739199780110e-12 5.985150035850713556e-13 1.258956657264405409e-13 2.481122191975275969e-14 4.583560460350833060e-15 7.942360285993300217e-16 1.291945631942004334e-16 1.974997088730740863e-17 2.854913282739825871e-18 4.014673543814187611e-19 2.459717745152525846e-20 -1.416434549445820571e-20 -6.651720812935994853e-22 3.298990138472856025e-21 3.052888554354298294e-22 -5.452979902544638905e-22 -2.734185380293696785e-23 9.503448745743475037e-23 -6.170596249340031395e-25 -1.530913266808520099e-23 1.235923689151338030e-24 2.055006555536094972e-24
1.235923689162315310e-24 -1.693438608860368185e-23 -1.547803269779170132e-24 1.091053847910307482e-22 -3.344751081173608269e-23 -6.395756921406562479e-22 4.240211161039118579e-22 3.918312945486811669e-21 -1.650077761278065975e-21 -1.734540909566954545e-20 4.473010646007371026e-20 5.610372810411460803e-19 4.270994193770516944e-18 3.076115587200367810e-17 2.088919257508280985e-16 1.334469790531521271e-15 8.011856231177140489e-15 4.516795143188124037e-14 2.389361874671567394e-13 1.185285150207432016e-12 5.511163358453625140e-12 2.400981120704555665e-11 9.798359905085429874e-11 3.745102684395169972e-10 1.340452019183566491e-09 4.491744457622172607e-09 1.408573944611558469e-08 4.131142854293204137e-08 1.132272177193257816e-07 2.898457710271563825e-07 6.929973864537901910e-07 1.549317632002209213e-06 3.247152143964543258e-06 6.402665716066820162e-06 1.192003749612979496e-05 2.102073313671015253e-05 3.521474237707675561e-05 5.619489261534318941e-05 8.565596314816166816e-05 1.250426941634828662e-04 1.752402813445101172e-04 2.362596587660390629e-04 3.069623552763013586e-04 3.849060827257581190e-04 4.663226099880719063e-04 5.463025413865157248e-04 6.194592395082146319e-04 6.802937638235975791e-04 7.239228791026767204e-04 7.467029175905437162e-04 7.467029175905438246e-04 7.239228791026769373e-04 6.802937638235975791e-04 6.194592395082146319e-04 5.463025413865157248e-04 4.663226099880719063e-04 3.849060827257581190e-04 3.069623552763014128e-04 2.362596587660390629e-04 1.752402813445100901e-04 1.250426941634828662e-04 8.565596314816165460e-05 5.619489261534316908e-05 3.521474237707674206e-05 2.102073313671014575e-05 1.192003749612978649e-05 6.402665716066811692e-06 3.247152143964537753e-06 1.549317632002204131e-06 6.929973864537874381e-07 2.898457710271550590e-07 1.132272177193251992e-07 4.131142854293181637e-08 1.408573944611551521e-08 4.491744457622151927e-09 1.340452019183561321e-09 3.745102684395159632e-10 9.798359905085405317e-11 2.400981120704552434e-11 5.511163358453618678e-12 1.185285150207431208e-12 2.389361874671566889e-13 4.516795143188122143e-14 8.011856231177142067e-15 1.334469790531521863e-15 2.088919257508283204e-16 3.076115587200361647e-17 4.270994193770439907e-18 5.610372810411219099e-19 4.473010646007779083e-20 -1.734540909565758663e-20 -1.650077761271761940e-21 3.918312945485966818e-21 4.240211161014519714e-22 -6.395756921413390690e-22 -3.344751081129078780e-23 1.091053847913515406e-22 -1.547803269789807621e-24 -1.693438608868421497e-23 1.235923689144091842e-24
-1.530913266800446216e-23 -1.547803269779170132e-24 1.110909587295888943e-22 -4.032995132246821922e-23 -6.592273093520557179e-22 5.232851122951419138e-22 4.071133154147987206e-21 -2.493616621695632233e-21 -1.814411493794349117e-20 6.161500106812897486e-20 6.841127682558740732e-19 5.334240563006231869e-18 3.933212948928308183e-17 2.745581788387853590e-16 1.804359876845510920e-15 1.115233130050892107e-14 6.477328822868815050e-14 3.532350740402954524e-13 1.807430903686254688e-12 8.672232880750394565e-12 3.900001780133194658e-11 1.643260179859186506e-10 6.485405769318475367e-10 2.396931209750060064e-09 8.293587999116019254e-09 2.685448030395671526e-08 8.131864133746905325e-08 2.300683908031380103e-07 6.075687557666037448e-07 1.496935049712646084e-06 3.442914208633975337e-06 7.406872039267923379e-06 1.495443353268206355e-05 2.844702578472736081e-05 5.117245583893497546e-05 8.733633013780925326e-05 1.418546038688072678e-04 2.199192250529520836e-04 3.263864986187336114e-04 4.649722484511732831e-04 6.373079007969957403e-04 8.420951765194432210e-04 1.074499081483645379e-03 1.325923239779929321e-03 1.584123184974255095e-03 1.834160034600476608e-03 2.060093671736267125e-03 2.246093456166756066e-03 2.378490104511530971e-03 2.447285486620653927e-03 2.447285486620653927e-03 2.378490104511530971e-03 2.246093456166756933e-03 2.060093671736267125e-03 1.834160034600475957e-03 1.584123184974254878e-03 1.325923239779928887e-03 1.074499081483645379e-03 8.420951765194432210e-04 6.373079007969957403e-04 4.649722484511733915e-04 3.263864986187336656e-04 2.199192250529520293e-04 1.418546038688072407e-04 8.733633013780922616e-05 5.117245583893493481e-05 2.844702578472733709e-05 1.495443353268203983e-05 7.406872039267903050e-06 3.442914208633963055e-06 1.496935049712639731e-06 6.075687557666005685e-07 2.300683908031368191e-07 8.131864133746864297e-08 2.685448030395660276e-08 8.293587999115991130e-09 2.396931209750053033e-09 6.485405769318461925e-10 1.643260179859184180e-10 3.900001780133190780e-11 8.672232880750388102e-12 1.807430903686253880e-12 3.532350740402954524e-13 6.477328822868818837e-14 1.115233130050892580e-14 1.804359876845512103e-15 2.745581788387856549e-16 3.933212948928304485e-17 5.334240563006169469e-18 6.841127682558499028e-19 6.161500106813205635e-20 -1.814411493793313026e-20 -2.493616621690026723e-21 4.071133154147464346e-21 5.232851122930582795e-22 -6.592273093527604503e-22 -4.032995132216393663e-23 1.110909587298961685e-22 -1.547803269751328916e-24 -1.530913266806832089e-23
-6.170596248933391164e-25 1.091053847910307482e-22 -4.032995132246821922e-23 -6.637442381877464234e-22 5.761362374461527364e-22 4.135569399029258284e-21 -3.081443246463593542e-21 -1.843343084072081068e-20 7.650356916171580198e-20 7.964495216898572772e-19 6.378515896485236259e-18 4.836380181222128856e-17 3.469477057000443046e-16 2.345324960204183146e-15 1.492383100473528193e-14 8.931187677877521441e-14 5.022486513762481325e-13 2.651974435335415956e-12 1.313899901010518560e-11 6.104443126540731867e-11 2.658382756268956835e-10 1.084715545964304059e-09 4.145784788456455091e-09 1.483729217658405338e-08 4.970298442149297144e-08 1.557478206473343238e-07 4.561134430120081958e-07 1.246898256443294589e-06 3.178968434163684062e-06 7.558538482642032522e-06 1.678367396730693598e-05 3.490506374748066797e-05 6.825197833630694013e-05 1.259921068513181945e-04 2.203810390500650102e-04 3.664926052452199367e-04 5.812642006003493301e-04 8.817961302018086566e-04 1.283217997751496999e-03 1.795945958410809229e-03 2.422849689642642829e-03 3.157038555568062073e-03 3.979969670418997962e-03 4.860641146114471831e-03 5.756168276646427863e-03 6.616099372998323486e-03 7.387264547226610537e-03 8.018132757773056840e-03 8.465030515229557059e-03 8.696534105518840749e-03 8.696534105518840749e-03 8.465030515229557059e-03 8.018132757773060310e-03 7.387264547226611404e-03 6.616099372998322618e-03 5.756168276646426996e-03 4.860641146114471831e-03 3.979969670418997962e-03 3.157038555568061639e-03 2.422849689642642395e-03 1.795945958410809446e-03 1.283217997751496999e-03 8.817961302018088735e-04 5.812642006003492217e-04 3.664926052452198825e-04 2.203810390500648476e-04 1.259921068513180861e-04 6.825197833630683171e-05 3.490506374748057988e-05 1.678367396730687838e-05 7.558538482642000335e-06 3.178968434163667969e-06 1.246898256443288236e-06 4.561134430120061841e-07 1.557478206473336620e-07 4.970298442149279939e-08 1.483729217658401698e-08 4.145784788456447647e-09 1.084715545964302818e-09 2.658382756268954250e-10 6.104443126540729282e-11 1.313899901010518398e-11 2.651974435335415956e-12 5.022486513762483344e-13 8.931187677877522704e-14 1.492383100473529140e-14 2.345324960204184330e-15 3.469477057000446004e-16 4.836380181222125158e-17 6.378515896485186185e-18 7.964495216898395587e-19 7.650356916171883532e-20 -1.843343084071260442e-20 -3.081443246459048423e-21 4.135569399029170263e-21 5.761362374445804892e-22 -6.637442381884940378e-22 -4.032995132234334058e-23 1.091053847913120910e-22 -6.170596248308127352e-25
9.503448745713920758e-23 -3.344751081173608269e-23 -6.592273093520557179e-22 5.761362374461527364e-22 4.154921448244108193e-21 -3.375696359906096730e-21 -1.854681232709015628e-20 8.737693655753975869e-20 8.878242633947149897e-19 7.293203884847752105e-18 5.676193751009800441e-17 4.179890909591540149e-16 2.903236225408245879e-15 1.899820308113614547e-14 1.170202626328603982e-13 6.778544899307049146e-13 3.689525787891848061e-12 1.885509559025880706e-11 9.041015022490822148e-11 4.065243990455117570e-10 1.713286619713665458e-09 6.765064294493679033e-09 2.501767022412763772e-08 8.660943300766658841e-08 2.805211689425086234e-07 8.493023992320555636e-07 2.400603850587815592e-06 6.326399911858553759e-06 1.553324727600908841e-05 3.555902211901982804e-05 7.607011594812689503e-05 1.526329221631140295e-04 2.884628884996726160e-04 5.156424154889741387e-04 8.749397754438492485e-04 1.413895667680341436e-03 2.183164825524061027e-03 3.231958116775578409e-03 4.601106771688296369e-03 6.312037325938322715e-03 8.357968487957180212e-03 1.069843632337555243e-02 1.325888157966717031e-02 1.593882438947568508e-02 1.861852568574693528e-02 2.116774639873227060e-02 2.344531536288923038e-02 2.530801044034592870e-02 2.662865055952261251e-02 2.731327916420317123e-02 2.731327916420317123e-02 2.662865055952261251e-02 2.530801044034592870e-02 2.344531536288922344e-02 2.116774639873227060e-02 1.861852568574693875e-02 1.593882438947568855e-02 1.325888157966717031e-02 1.069843632337555070e-02 8.357968487957180212e-03 6.312037325938322715e-03 4.601106771688295502e-03 3.231958116775577976e-03 2.183164825524061461e-03 1.413895667680341219e-03 8.749397754438488148e-04 5.156424154889737051e-04 2.884628884996722907e-04 1.526329221631136501e-04 7.607011594812666463e-05 3.555902211901968573e-05 1.553324727600901726e-05 6.326399911858523266e-06 2.400603850587804157e-06 8.493023992320522814e-07 2.805211689425076175e-07 8.660943300766636341e-08 2.501767022412760133e-08 6.765064294493670762e-09 1.713286619713664010e-09 4.065243990455116019e-10 9.041015022490822148e-11 1.885509559025880706e-11 3.689525787891848061e-12 6.778544899307051166e-13 1.170202626328604234e-13 1.899820308113615809e-14 2.903236225408247063e-15 4.179890909591542121e-16 5.676193751009800441e-17 7.293203884847715127e-18 8.878242633947007378e-19 8.737693655754174480e-20 -1.854681232708414677e-20 -3.375696359902245247e-21 4.154921448244650614e-21 5.761362374450615015e-22 -6.592273093529366804e-22 -3.344751081178848035e-23 9.503448745739438389e-23
-2.734185380343441943e-23 -6.395756921406562479e-22 5.232851122951419138e-22 4.135569399029258284e-21 -3.375696359906096730e-21 -1.857527485035100237e-20 9.313503689651748511e-20 9.477320352449441409e-19 7.973354777721246687e-18 6.362239460520337945e-17 4.804987468066942568e-16 3.425840636016945396e-15 2.303192079529794290e-14 1.458734743462936871e-13 8.695605996280335045e-13 4.874282691066978944e-12 2.567110441915945911e-11 1.269318778230867786e-10 5.888405729389176687e-10 2.561379756820627779e-09 1.044193190704222027e-08 3.987646026873709787e-08 1.425831367573926323e-07 4.770561632017657521e-07 1.492268377568930057e-06 4.358823697092021211e-06 1.187043482228290921e-05 3.009892482006905242e-05 7.104859941055770300e-05 1.563928563400592909e-04 3.220699763251653764e-04 6.231827791249522830e-04 1.137738600301273434e-03 1.968026824818936999e-03 3.239359239695683689e-03 5.091779050574891767e-03 7.660043966749931904e-03 1.105025344575281607e-02 1.532243572186930101e-02 2.052293214763914464e-02 2.671762420252363907e-02 3.389324476702969269e-02 4.183345112391020915e-02 5.014438751134284861e-02 5.834227620485301496e-02 6.595102474194423914e-02 7.254497755929646685e-02 7.778317217121998028e-02 8.141469475616333606e-02 8.327234057591687000e-02 8.327234057591687000e-02 8.141469475616333606e-02 7.778317217121999416e-02 7.254497755929646685e-02 6.595102474194422526e-02 5.834227620485300109e-02 5.014438751134285555e-02 4.183345112391022302e-02 3.389324476702970657e-02 2.671762420252363907e-02 2.052293214763915158e-02 1.532243572186929581e-02 1.105025344575281607e-02 7.660043966749931904e-03 5.091779050574890032e-03 3.239359239695681521e-03 1.968026824818935264e-03 1.137738600301271916e-03 6.231827791249509819e-04 3.220699763251644548e-04 1.563928563400586403e-04 7.104859941055739129e-05 3.009892482006890335e-05 1.187043482228285500e-05 4.358823697092003423e-06 1.492268377568925187e-06 4.770561632017645874e-07 1.425831367573923676e-07 3.987646026873705816e-08 1.044193190704221862e-08 2.561379756820626952e-09 5.888405729389177721e-10 1.269318778230867528e-10 2.567110441915946235e-11 4.874282691066980560e-12 8.695605996280336055e-13 1.458734743462937881e-13 2.303192079529795553e-14 3.425840636016947763e-15 4.804987468066946512e-16 6.362239460520337945e-17 7.973354777721220494e-18 9.477320352449325853e-19 9.313503689651742493e-20 -1.857527485034726787e-20 -3.375696359902606735e-21 4.135569399030667373e-21 5.232851122945022568e-22 -6.395756921416838180e-22 -2.734185380361416427e-23
-5.452979902538835725e-22 4.240211161039118579e-22 4.071133154147987206e-21 -3.081443246463593542e-21 -1.854681232709015628e-20 9.313503689651748511e-20 9.686037035006177180e-19 8.336500078785310744e-18 6.812323981661109585e-17 5.271933910937835259e-16 3.854825824305601567e-15 2.660075587399952117e-14 1.730723442731573593e-13 1.060695769080255389e-12 6.117541677453897486e-12 3.317399280532264682e-11 1.690019040378271230e-10 8.082206401276177186e-10 3.625934119697620673e-09 1.525108310636621731e-08 6.010786897670166981e-08 2.218542964878113939e-07 7.663500005617320045e-07 2.475349953281325141e-06 7.467473232088771133e-06 2.100563855600244347e-05 5.499784497565027638e-05 1.338870017976982621e-04 3.032987809003810024e-04 6.411267109056225646e-04 1.269328914960463203e-03 2.365594208988558173e-03 4.172318482531983501e-03 6.986236737196773079e-03 1.111961546705865500e-02 1.687125766314819322e-02 2.468609681437656383e-02 3.516483516069421333e-02 4.851103376380021259e-02 6.430581496580085876e-02 8.168918213783751825e-02 9.964432907456619026e-02 1.172595110644116673e-01 1.338142467475889885e-01 1.487653014557734632e-01 1.617111543725499589e-01 1.723666939699277367e-01 1.805408987813645061e-01 1.860921199170946227e-01 1.889043923810678205e-01 1.889043923810678205e-01 1.860921199170946227e-01 1.805408987813645894e-01 1.723666939699277367e-01 1.617111543725499589e-01 1.487653014557734632e-01 1.338142467475890163e-01 1.172595110644116673e-01 9.964432907456620414e-02 8.168918213783754600e-02 6.430581496580091427e-02 4.851103376380021953e-02 3.516483516069422027e-02 2.468609681437656037e-02 1.687125766314818281e-02 1.111961546705864980e-02 6.986236737196766140e-03 4.172318482531979164e-03 2.365594208988553836e-03 1.269328914960459950e-03 6.411267109056202878e-04 3.032987809003796472e-04 1.338870017976976658e-04 5.499784497565002566e-05 2.100563855600235877e-05 7.467473232088747416e-06 2.475349953281319635e-06 7.663500005617310516e-07 2.218542964878111821e-07 6.010786897670163011e-08 1.525108310636621731e-08 3.625934119697621914e-09 8.082206401276178220e-10 1.690019040378271489e-10 3.317399280532265328e-11 6.117541677453899909e-12 1.060695769080255792e-12 1.730723442731575360e-13 2.660075587399954641e-14 3.854825824305604722e-15 5.271933910937838217e-16 6.812323981661110818e-17 8.336500078785292255e-18 9.686037035006061624e-19 9.313503689651437955e-20 -1.854681232708872387e-20 -3.081443246460095271e-21 4.071133154150518750e-21 4.240211161036487352e-22 -5.452979902549993517e-22
3.052888554379018940e-22 3.918312945486811669e-21 -2.493616621695632233e-21 -1.843343084072081068e-20 8.737693655753975869e-20 9.477320352449441409e-19 8.336500078785310744e-18 6.969195244263749651e-17 5.521878557718061240e-16 4.137173580310992122e-15 2.927735159016383818e-14 1.955060704594758891e-13 1.230747095079074590e-12 7.296919549040306219e-12 4.070671066260802291e-11 2.134820843447821757e-10 1.051637054569724542e-09 4.862394175948805408e-09 2.108698705178840303e-08 8.571951777346395109e-08 3.264133741532034640e-07 1.163513932644831879e-06 3.878888129846046858e-06 1.207967990597392780e-05 3.508338246476563747e-05 9.483255489283407686e-05 2.381475627788061096e-04 5.554101092324528321e-04 1.204944160320747890e-03 2.442078655869153129e-03 4.650778742731942299e-03 8.343143569009607574e-03 1.410107664766368715e-02 2.274775197528875956e-02 3.565882109737771033e-02 5.369381246080753844e-02 7.639082720133483217e-02 1.022829931297234013e-01 1.297467248237861581e-01 1.574407154661938701e-01 1.843396254587897076e-01 2.096918524906312142e-01 2.329664716034168803e-01 2.537990106423355652e-01 2.719482520559372563e-01 2.872588299974029313e-01 2.996285676503362971e-01 3.089867902023173962e-01 3.152741099944781911e-01 3.184361420961353550e-01 3.184361420961353550e-01 3.152741099944781911e-01 3.089867902023174517e-01 2.996285676503362971e-01 2.872588299974029868e-01 2.719482520559372563e-01 2.537990106423355652e-01 2.329664716034168248e-01 2.096918524906312142e-01 1.843396254587897354e-01 1.574407154661938701e-01 1.297467248237861581e-01 1.022829931297234429e-01 7.639082720133481830e-02 5.369381246080752457e-02 3.565882109737768951e-02 2.274775197528874568e-02 1.410107664766366807e-02 8.343143569009591962e-03 4.650778742731931023e-03 2.442078655869144889e-03 1.204944160320743337e-03 5.554101092324504468e-04 2.381475627788050796e-04 9.483255489283371094e-05 3.508338246476552227e-05 1.207967990597390069e-05 3.878888129846040929e-06 1.163513932644831032e-06 3.264133741532033582e-07 8.571951777346396432e-08 2.108698705178840965e-08 4.862394175948807063e-09 1.051637054569724749e-09 2.134820843447823050e-10 4.070671066260804876e-11 7.296919549040307834e-12 1.230747095079075196e-12 1.955060704594760406e-13 2.927735159016385711e-14 4.137173580310993700e-15 5.521878557718064198e-16 6.969195244263750883e-17 8.336500078785301500e-18 9.477320352449316223e-19 8.737693655753277719e-20 -1.843343084072166231e-20 -2.493616621691718307e-21 3.918312945490345299e-21 3.052888554378029644e-22
3.298990138473899488e-21 -1.650077761278065975e-21 -1.814411493794349117e-20 7.650356916171580198e-20 8.878242633947149897e-19 7.973354777721246687e-18 6.812323981661109585e-17 5.521878557718061240e-16 4.235741636774909602e-15 3.071349539052348757e-14 2.103187703323437806e-13 1.358794482978741919e-12 8.274304177591710320e-12 4.744512687346760310e-11 2.559340034346725865e-10 1.297642555718976482e-09 6.178924430150915469e-09 2.761006480439785913e-08 1.156922925458477926e-07 4.542693827753308528e-07 1.670167737349795043e-06 5.744383899272941696e-06 1.846026926324933101e-05 5.533791769184380992e-05 1.544006685136959647e-04 4.000377336068537638e-04 9.607290850921926337e-04 2.140945422780682426e-03 4.449759376048524964e-03 8.629705923226893907e-03 1.562952689931834324e-02 2.711895020804826889e-02 4.546038630751100817e-02 7.128825697165690201e-02 1.029057990194660321e-01 1.379077231643104084e-01 1.742991321949469985e-01 2.105696112306525425e-01 2.456296259681723937e-01 2.787326202293530231e-01 3.093989281488122023e-01 3.373282012471969793e-01 3.623339811551417600e-01 3.843005018610449186e-01 4.031792905922924608e-01 4.189624352231867133e-01 4.316261915764930679e-01 4.411182575583080245e-01 4.474083050359818903e-01 4.505274311651641939e-01 4.505274311651642494e-01 4.474083050359818348e-01 4.411182575583081356e-01 4.316261915764930679e-01 4.189624352231867133e-01 4.031792905922924053e-01 3.843005018610449186e-01 3.623339811551417045e-01 3.373282012471969793e-01 3.093989281488120913e-01 2.787326202293530231e-01 2.456296259681723382e-01 2.105696112306524870e-01 1.742991321949469707e-01 1.379077231643103807e-01 1.029057990194659489e-01 7.128825697165681874e-02 4.546038630751095960e-02 2.711895020804822379e-02 1.562952689931831202e-02 8.629705923226869621e-03 4.449759376048510219e-03 2.140945422780673752e-03 9.607290850921887306e-04 4.000377336068521375e-04 1.544006685136955039e-04 5.533791769184368117e-05 1.846026926324930730e-05 5.744383899272936614e-06 1.670167737349794408e-06 4.542693827753309586e-07 1.156922925458477926e-07 2.761006480439787568e-08 6.178924430150921259e-09 1.297642555718976895e-09 2.559340034346726899e-10 4.744512687346760957e-11 8.274304177591713551e-12 1.358794482978742928e-12 2.103187703323439068e-13 3.071349539052351281e-14 4.235741636774911968e-15 5.521878557718064198e-16 6.812323981661112050e-17 7.973354777721243606e-18 8.878242633946988119e-19 7.650356916170411400e-20 -1.814411493794674117e-20 -1.650077761273531388e-21 3.298990138477886012e-21
-6.651720812996634375e-22 -1.734540909566954545e-20 6.161500106812897486e-20 7.964495216898572772e-19 7.293203884847752105e-18 6.362239460520337945e-17 5.271933910937835259e-16 4.137173580310992122e-15 3.071349539052348757e-14 2.154982060667193290e-13 1.427664278482638024e-12 8.921712904716822976e-12 5.253902039317136904e-11 2.912773926369195024e-10 1.518857594025893296e-09 7.442649682309067607e-09 3.424328164024493886e-08 1.478140554338883560e-07 5.981487753070350927e-07 2.267235823060113617e-06 8.041910669999978811e-06 2.666007507328449510e-05 8.246579347224297901e-05 2.374731029661599662e-04 6.347844050747310273e-04 1.570945820029591130e-03 3.604439174329342709e-03 7.656637297986002184e-03 1.504089613379341189e-02 2.822515761081877475e-02 5.066041556540457763e-02 8.279626704234338552e-02 1.218007968786998241e-01 1.645328391674572288e-01 2.085455973929010165e-01 2.521816810308664669e-01 2.943620829169909525e-01 3.343647343946919426e-01 3.717189461238766812e-01 4.061540701071910675e-01 4.375160783214527838e-01 4.657041294237044271e-01 4.906636546823336387e-01 5.123771860517376542e-01 5.308766848857645604e-01 5.462189424394721105e-01 5.584303581168474917e-01 5.674900902495123578e-01 5.734097526871927419e-01 5.763031980461079673e-01 5.763031980461079673e-01 5.734097526871927419e-01 5.674900902495123578e-01 5.584303581168474917e-01 5.462189424394721105e-01 5.308766848857645604e-01 5.123771860517376542e-01 4.906636546823337497e-01 4.657041294237044271e-01 4.375160783214527283e-01 4.061540701071910120e-01 3.717189461238765702e-01 3.343647343946918871e-01 2.943620829169908415e-01 2.521816810308663559e-01 2.085455973929009055e-01 1.645328391674571455e-01 1.218007968786996992e-01 8.279626704234330226e-02 5.066041556540450130e-02 2.822515761081869842e-02 1.504089613379336332e-02 7.656637297985975296e-03 3.604439174329327963e-03 1.570945820029585275e-03 6.347844050747291841e-04 2.374731029661594783e-04 8.246579347224288414e-05 2.666007507328447477e-05 8.041910669999978811e-06 2.267235823060113617e-06 5.981487753070351986e-07 1.478140554338884089e-07 3.424328164024495871e-08 7.442649682309071743e-09 1.518857594025893917e-09 2.912773926369196058e-10 5.253902039317138842e-11 8.921712904716822976e-12 1.427664278482638629e-12 2.154982060667194047e-13 3.071349539052350650e-14 4.137173580310992911e-15 5.271933910937835259e-16 6.362239460520340410e-17 7.293203884847753645e-18 7.964495216898367661e-19 6.161500106811165353e-20 -1.734540909567414361e-20 -6.651720812945917906e-22
-1.416434549446994185e-20 4.473010646007371026e-20 6.841127682558740732e-19 6.378515896485236259e-18 5.676193751009800441e-17 4.804987468066942568e-16 3.854825824305601567e-15 2.927735159016383818e-14 2.103187703323437806e-13 1.427664278482638024e-12 9.148447889608013096e-12 5.528522555021283962e-11 3.147608650318623597e-10 1.686714688268687264e-09 8.499366316860543033e-09 4.023729080351499976e-08 1.788124934263133119e-07 7.452981377452982570e-07 2.911025120923207700e-06 1.064419691962011116e-05 3.639049803101774124e-05 1.161274442899843545e-04 3.451054566098759506e-04 9.519519827513051730e-04 2.431174956622426161e-03 5.734955484785609139e-03 1.240151160495060745e-02 2.527846484018628215e-02 4.918573187772971173e-02 8.523665203331320939e-02 1.297840750727976278e-01 1.788285110692702795e-01 2.293900188156899334e-01 2.795553585579280687e-01 3.281796636252606869e-01 3.745875989534152017e-01 4.183372535919230306e-01 4.590731640391804702e-01 4.965366602767152804e-01 5.305802169992347439e-01 5.611193601140621601e-01 5.881073700741973331e-01 6.115859862285762949e-01 6.316681407145303684e-01 6.484879964787710893e-01 6.621726376227923261e-01 6.728554297414632845e-01 6.806674022908549837e-01 6.857417900934813515e-01 6.882217516839082005e-01 6.882217516839082005e-01 6.857417900934814625e-01 6.806674022908549837e-01 6.728554297414630625e-01 6.621726376227919930e-01 6.484879964787710893e-01 6.316681407145303684e-01 6.115859862285761839e-01 5.881073700741973331e-01 5.611193601140621601e-01 5.305802169992346329e-01 4.965366602767151694e-01 4.590731640391804702e-01 4.183372535919228641e-01 3.745875989534152017e-01 3.281796636252605759e-01 2.795553585579280131e-01 2.293900188156897946e-01 1.788285110692701130e-01 1.297840750727975168e-01 8.523665203331311224e-02 4.918573187772959376e-02 2.527846484018618500e-02 1.240151160495056061e-02 5.734955484785589190e-03 2.431174956622418788e-03 9.519519827513032214e-04 3.451054566098754627e-04 1.161274442899843003e-04 3.639049803101774801e-05 1.064419691962011454e-05 2.911025120923208547e-06 7.452981377452986805e-07 1.788124934263134442e-07 4.023729080351501961e-08 8.499366316860547996e-09 1.686714688268688712e-09 3.147608650318624631e-10 5.528522555021286547e-11 9.148447889608013096e-12 1.427664278482638629e-12 2.103187703323438564e-13 2.927735159016385080e-14 3.854825824305601567e-15 4.804987468066941582e-16 5.676193751009805371e-17 6.378515896485239340e-18 6.841127682558469176e-19 4.473010646005203753e-20 -1.416434549447423306e-20
2.459717745152135845e-20 5.610372810411460803e-19 5.334240563006231869e-18 4.836380181222128856e-17 4.179890909591540149e-16 3.425840636016945396e-15 2.660075587399952117e-14 1.955060704594758891e-13 1.358794482978741919e-12 8.921712904716822976e-12 5.528522555021283962e-11 3.229979868441360929e-10 1.777415061874352770e-09 9.203554654016379146e-09 4.480167125384465444e-08 2.048393357443886440e-07 8.788787065341754091e-07 3.535462061223538546e-06 1.332063739668786075e-05 4.694874724456490217e-05 1.545296910759594625e-04 4.738977299906186593e-04 1.349350710135617873e-03 3.557523203708975838e-03 8.606000330133350279e-03 1.918843233245905514e-02 4.108534401076635589e-02 7.784852717912878195e-02 1.257406252375289635e-01 1.796159153306241540e-01 2.357306707652337963e-01 2.918055818934415790e-01 3.465322958263875597e-01 3.991631218987154450e-01 4.492041266340687788e-01 4.961812222206347101e-01 5.396205045410848999e-01 5.791526678674038253e-01 6.145845997633572200e-01 6.458669236040563977e-01 6.730519158153790427e-01 6.962687424622561183e-01 7.157813549586969915e-01 7.319382955838035221e-01 7.450696084815721099e-01 7.554201574850566425e-01 7.632342760087548195e-01 7.688139102267480540e-01 7.724382042857997899e-01 7.742381344616712235e-01 7.742381344616712235e-01 7.724382042857999009e-01 7.688139102267481650e-01 7.632342760087550415e-01 7.554201574850566425e-01 7.450696084815719988e-01 7.319382955838035221e-01 7.157813549586969915e-01 6.962687424622558963e-01 6.730519158153791537e-01 6.458669236040563977e-01 6.145845997633571089e-01 5.791526678674039363e-01 5.396205045410848999e-01 4.961812222206348211e-01 4.492041266340688344e-01 3.991631218987154450e-01 3.465322958263875597e-01 2.918055818934415790e-01 2.357306707652337130e-01 1.796159153306240985e-01 1.257406252375288525e-01 7.784852717912858766e-02 4.108534401076621018e-02 1.918843233245898228e-02 8.606000330133324258e-03 3.557523203708968032e-03 1.349350710135616138e-03 4.738977299906182799e-04 1.545296910759594896e-04 4.694874724456492250e-05 1.332063739668786923e-05 3.535462061223539817e-06 8.788787065341761503e-07 2.048393357443887234e-07 4.480167125384468091e-08 9.203554654016384109e-09 1.777415061874353804e-09 3.229979868441361963e-10 5.528522555021285900e-11 8.921712904716822976e-12 1.358794482978742121e-12 1.955060704594758891e-13 2.660075587399952748e-14 3.425840636016945396e-15 4.179890909591539656e-16 4.836380181222135019e-17 5.334240563006241884e-18 5.610372810411087173e-19 2.459717745149969475e-20
4.014673543814391278e-19 4.270994193770516944e-18 3.933212948928308183e-17 3.469477057000443046e-16 2.903236225408245879e-15 2.303192079529794290e-14 1.730723442731573593e-13 1.230747095079074590e-12 8.274304177591710320e-12 5.253902039317136904e-11 3.147608650318623597e-10 1.777415061874352770e-09 9.450922885366480097e-09 4.727330435524349402e-08 2.222315063432754898e-07 9.809401507379985874e-07 4.061811388637111957e-06 1.576141593838111611e-05 5.724525998084840499e-05 1.942874664068584660e-04 6.147738393121478760e-04 1.807181612117093493e-03 4.916245753539261881e-03 1.221783011690134868e-02 2.874835541368722311e-02 6.183190206841829295e-02 1.100680158411224130e-01 1.669927798885763870e-01 2.275708102704364355e-01 2.888752749201298764e-01 3.493697785554232271e-01 4.081683652922113992e-01 4.645374526925616365e-01 5.177215060648175937e-01 5.670140198365667406e-01 6.118148476918143785e-01 6.516741901907867618e-01 6.864068231755027227e-01 7.160952359918949517e-01 7.410063866448357572e-01 7.615063525307491643e-01 7.780290208482281145e-01 7.910863663334508633e-01 8.012131472797970888e-01 8.089098589358172386e-01 8.145711284962027232e-01 8.185469822357309688e-01 8.212131485918139351e-01 8.229066232423728477e-01 8.237591181331387347e-01 8.237591181331386236e-01 8.229066232423726257e-01 8.212131485918141571e-01 8.185469822357309688e-01 8.145711284962027232e-01 8.089098589358171276e-01 8.012131472797971998e-01 7.910863663334506413e-01 7.780290208482280034e-01 7.615063525307490533e-01 7.410063866448357572e-01 7.160952359918949517e-01 6.864068231755025007e-01 6.516741901907867618e-01 6.118148476918146006e-01 5.670140198365669626e-01 5.177215060648178158e-01 4.645374526925617475e-01 4.081683652922113437e-01 3.493697785554231716e-01 2.888752749201299874e-01 2.275708102704364355e-01 1.669927798885763037e-01 1.100680158411222187e-01 6.183190206841811948e-02 2.874835541368712249e-02 1.221783011690132266e-02 4.916245753539254942e-03 1.807181612117092408e-03 6.147738393121476592e-04 1.942874664068586015e-04 5.724525998084842532e-05 1.576141593838111950e-05 4.061811388637114498e-06 9.809401507379990109e-07 2.222315063432756222e-07 4.727330435524352711e-08 9.450922885366483406e-09 1.777415061874353390e-09 3.147608650318624114e-10 5.253902039317135611e-11 8.274304177591711935e-12 1.230747095079074186e-12 1.730723442731573593e-13 2.303192079529794290e-14 2.903236225408245485e-15 3.469477057000443046e-16 3.933212948928319276e-17 4.270994193770508470e-18 4.014673543814077833e-19
2.854913282739882878e-18 3.076115587200367810e-17 2.745581788387853590e-16 2.345324960204183146e-15 1.899820308113614547e-14 1.458734743462936871e-13 1.060695769080255389e-12 7.296919549040306219e-12 4.744512687346760310e-11 2.912773926369195024e-10 1.686714688268687264e-09 9.203554654016379146e-09 4.727330435524349402e-08 2.283495927175596258e-07 1.036319736470744648e-06 4.414478972612081463e-06 1.763253989096607731e-05 6.596122939293280469e-05 2.307453023865741143e-04 7.531577367444096871e-04 2.285972435526459345e-03 6.418970988923281343e-03 1.652873169045141963e-02 4.080188202977982903e-02 8.466315647305761027e-02 1.419543731372175099e-01 2.055433048715674671e-01 2.711892599140512949e-01 3.368702826984997234e-01 4.015565601276613883e-01 4.642887614725594303e-01 5.239108759301451812e-01 5.792406610508460396e-01 6.293245885676220785e-01 6.735184212909971491e-01 7.115182474544182734e-01 7.433289126933455560e-01 7.692172223538433773e-01 7.896532129053814852e-01 8.052180754283354558e-01 8.165533189573268569e-01 8.243767010153444375e-01 8.294416578324108613e-01 8.323957000483570567e-01 8.337765862097780145e-01 8.340726061831498228e-01 8.337467594879323096e-01 8.332415399726975647e-01 8.328225374775477530e-01 8.326087976260018175e-01 8.326087976260019285e-01 8.328225374775477530e-01 8.332415399726973426e-01 8.337467594879320876e-01 8.340726061831498228e-01 8.337765862097781255e-01 8.323957000483571678e-01 8.294416578324106393e-01 8.243767010153443264e-01 8.165533189573268569e-01 8.052180754283355668e-01 7.896532129053815963e-01 7.692172223538433773e-01 7.433289126933455560e-01 7.115182474544182734e-01 6.735184212909972601e-01 6.293245885676221896e-01 5.792406610508460396e-01 5.239108759301452922e-01 4.642887614725594858e-01 4.015565601276614438e-01 3.368702826984997234e-01 2.711892599140512949e-01 2.055433048715674393e-01 1.419543731372173434e-01 8.466315647305741598e-02 4.080188202977972495e-02 1.652873169045139187e-02 6.418970988923277873e-03 2.285972435526459345e-03 7.531577367444099039e-04 2.307453023865742769e-04 6.596122939293284535e-05 1.763253989096608747e-05 4.414478972612084004e-06 1.036319736470744860e-06 2.283495927175597317e-07 4.727330435524351388e-08 9.203554654016384109e-09 1.686714688268688298e-09 2.912773926369194507e-10 4.744512687346760310e-11 7.296919549040302988e-12 1.060695769080255187e-12 1.458734743462936619e-13 1.899820308113612969e-14 2.345324960204181569e-15 2.745581788387854084e-16 3.076115587200378903e-17 2.854913282739878641e-18
1.974997088730745177e-17 2.088919257508280985e-16 1.804359876845510920e-15 1.492383100473528193e-14 1.170202626328603982e-13 8.695605996280335045e-13 6.117541677453897486e-12 4.070671066260802291e-11 2.559340034346725865e-10 1.518857594025893296e-09 8.499366316860543033e-09 4.480167125384465444e-08 2.222315063432754898e-07 1.036319736470744648e-06 4.538705178331270556e-06 1.864989053830379867e-05 7.181788464487286617e-05 2.588106797643238742e-04 8.710473303777363551e-04 2.729877218805802815e-03 7.915253442137646506e-03 2.134433418425199860e-02 5.381440559104748445e-02 1.066730494013477804e-01 1.708738163188287529e-01 2.395558659827707049e-01 3.095204230608991081e-01 3.794618161575644133e-01 4.482985080153282231e-01 5.145330527915431551e-01 5.764199033781299830e-01 6.324651617554425398e-01 6.816299297949273139e-01 7.234229422111957408e-01 7.577525642668808681e-01 7.848275860520166347e-01 8.051370055441886553e-01 8.193924054296124471e-01 8.283932259315465174e-01 8.329787214876646084e-01 8.339725755714392230e-01 8.322900665548615962e-01 8.288171429742504648e-01 8.242469648322305886e-01 8.191108454715259057e-01 8.138998025533368263e-01 8.091410152192182181e-01 8.053264738569645420e-01 8.027557152368102189e-01 8.014937420068772855e-01 8.014937420068773966e-01 8.027557152368102189e-01 8.053264738569645420e-01 8.091410152192181071e-01 8.138998025533366043e-01 8.191108454715259057e-01 8.242469648322305886e-01 8.288171429742502427e-01 8.322900665548613741e-01 8.339725755714391120e-01 8.329787214876647194e-01 8.283932259315465174e-01 8.193924054296123360e-01 8.051370055441887663e-01 7.848275860520167457e-01 7.577525642668812011e-01 7.234229422111959629e-01 6.816299297949274250e-01 6.324651617554426508e-01 5.764199033781298720e-01 5.145330527915430441e-01 4.482985080153281676e-01 3.794618161575644688e-01 3.095204230608991081e-01 2.395558659827706771e-01 1.708738163188286419e-01 1.066730494013476138e-01 5.381440559104740812e-02 2.134433418425198820e-02 7.915253442137649975e-03 2.729877218805803248e-03 8.710473303777367888e-04 2.588106797643240369e-04 7.181788464487293393e-05 1.864989053830380883e-05 4.538705178331273097e-06 1.036319736470745072e-06 2.222315063432755957e-07 4.480167125384466768e-08 8.499366316860544688e-09 1.518857594025893503e-09 2.559340034346725348e-10 4.070671066260800998e-11 6.117541677453894255e-12 8.695605996280332016e-13 1.170202626328603225e-13 1.492383100473526931e-14 1.804359876845509737e-15 2.088919257508282218e-16 1.974997088730752881e-17
