9.231119437693868183e-24 -1.663522542629988372e-23 -6.093854755896507327e-23 1.268304538034542429e-22 3.442078696919200020e-22 -8.165086829115567750e-22 -1.891859192003515688e-21 4.947612919540062114e-21 1.244991286636758939e-20 -1.869997026620309521e-20 -5.314394799308197212e-20 2.894946399649543628e-19 2.471223803353294565e-18 1.661551112118917712e-17 1.076361510524772535e-16 6.592343676224618478e-16 3.801383552788822493e-15 2.061589935638272693e-14 1.050812530935308834e-13 5.031217039885908519e-13 2.261816911067158777e-12 9.544198635613678515e-12 3.779353989075422513e-11 1.404136822416146254e-10 4.893536233693357295e-10 1.599254035279989592e-09 4.898510097397338969e-09 1.405148713582248677e-08 3.771263188058152656e-08 9.463317737719833436e-08 2.220209795728026722e-07 4.876453438044300986e-07 1.005484917575609680e-06 1.953295291688379407e-06 3.587673529311953745e-06 6.250134730325662227e-06 1.035785331017817741e-05 1.637574350715632600e-05 2.476871697441546339e-05 3.593367337280689876e-05 5.011625255054555269e-05 6.732510073191434285e-05 8.725337332299301575e-05 1.092297920592529367e-04 1.322097343416809092e-04 1.548183697096536054e-04 1.755361673974696732e-04 1.927952398276206803e-04 2.051934519266125048e-04 2.116743225201552696e-04 2.116743225201552696e-04 2.051934519266125048e-04 1.927952398276206803e-04 1.755361673974696732e-04 1.548183697096536867e-04 1.322097343416808821e-04 1.092297920592529367e-04 8.725337332299297510e-05 6.732510073191434285e-05 5.011625255054554591e-05 3.593367337280691231e-05 2.476871697441547016e-05 1.637574350715632261e-05 1.035785331017817741e-05 6.250134730325659686e-06 3.587673529311952474e-06 1.953295291688377289e-06 1.005484917575608198e-06 4.876453438044288281e-07 2.220209795728019575e-07 9.463317737719792408e-08 3.771263188058134127e-08 1.405148713582241729e-08 4.898510097397313326e-09 1.599254035279982561e-09 4.893536233693339718e-10 1.404136822416142118e-10 3.779353989075413466e-11 9.544198635613660743e-12 2.261816911067155950e-12 5.031217039885904480e-13 1.050812530935308077e-13 2.061589935638272378e-14 3.801383552788820916e-15 6.592343676224617492e-16 1.076361510524772535e-16 1.661551112118917712e-17 2.471223803353295335e-18 2.894946399649545073e-19 -5.314394799308197212e-20 -1.869997026620309521e-20 1.244991286636758487e-20 4.947612919540063619e-21 -1.891859192003514560e-21 -8.165086829115563989e-22 3.442078696919199080e-22 1.268304538034542194e-22 -6.093854755896503801e-23 -1.663522542629988666e-23 9.231119437693869652e-24
-1.663522542629988372e-23 -6.897218129220874566e-23 1.414225242599584776e-22 3.972463419764661334e-22 -9.628241304471548218e-22 -2.173255869367201352e-21 6.159531717822605583e-21 1.408686706048940720e-20 -2.610454776839951381e-20 -5.987611760317355405e-20 4.311927966514470000e-19 3.506499277161588535e-18 2.511706081495857299e-17 1.690900262217314629e-16 1.074596745610647901e-15 6.437134422314383524e-15 3.630472257734208692e-14 1.926353145593442842e-13 9.610164123734157467e-13 4.505210532446860926e-12 1.983820394835149193e-11 8.202542868464184202e-11 3.183758171544381866e-10 1.159772895536598877e-09 3.963885555517697395e-09 1.270565092395971755e-08 3.816921133414469092e-08 1.073692413960607617e-07 2.825508871584507349e-07 6.952842633049299769e-07 1.600634135225895453e-06 3.453613798628312238e-06 7.005246719062155312e-06 1.340584041044501447e-05 2.428592492934549115e-05 4.177510623552754896e-05 6.842065583394459137e-05 1.069891329521316869e-04 1.601500348687295025e-04 2.300450329074324321e-04 3.177947795938326184e-04 4.230287798323923354e-04 5.434872950363638794e-04 6.748308063069292798e-04 8.106750141664788214e-04 9.430172204274933027e-04 1.063225408056535717e-03 1.162622957100642321e-03 1.233618725217630000e-03 1.270593541966824266e-03 1.270593541966824483e-03 1.233618725217630000e-03 1.162622957100642321e-03 1.063225408056535717e-03 9.430172204274930858e-04 8.106750141664787130e-04 6.748308063069291714e-04 5.434872950363638794e-04 4.230287798323923354e-04 3.177947795938325100e-04 2.300450329074324321e-04 1.601500348687294754e-04 1.069891329521317275e-04 6.842065583394459137e-05 4.177510623552752863e-05 2.428592492934547083e-05 1.340584041044500261e-05 7.005246719062143454e-06 3.453613798628303768e-06 1.600634135225889524e-06 6.952842633049269064e-07 2.825508871584494114e-07 1.073692413960602588e-07 3.816921133414449240e-08 1.270565092395966130e-08 3.963885555517683333e-09 1.159772895536595569e-09 3.183758171544375662e-10 8.202542868464169985e-11 1.983820394835147254e-11 4.505210532446856887e-12 9.610164123734151409e-13 1.926353145593442085e-13 3.630472257734208692e-14 6.437134422314383524e-15 1.074596745610648098e-15 1.690900262217315122e-16 2.511706081495857299e-17 3.506499277161590075e-18 4.311927966514470963e-19 -5.987611760317354201e-20 -2.610454776839953187e-20 1.408686706048940720e-20 6.159531717822607088e-21 -2.173255869367200976e-21 -9.628241304471548218e-22 3.972463419764660864e-22 1.414225242599585011e-22 -6.897218129220873390e-23 -1.663522542629989253e-23
-6.093854755896507327e-23 1.414225242599584776e-22 4.013102203858478117e-22 -1.013072278124398056e-21 -2.165175553603995408e-21 6.732823274280724988e-21 1.389852617625868630e-20 -3.039664408139589896e-20 -5.673373455648695333e-20 5.382515301521706081e-19 4.289455503876089953e-18 3.122023818139002600e-17 2.155111595475404595e-16 1.407197459777525578e-15 8.666031440885989271e-15 5.028033272098199122e-14 2.746320009445008702e-13 1.411127771305570858e-12 6.816625034529312670e-12 3.094056503173920611e-11 1.319022249921675720e-10 5.279394682035501927e-10 1.983282921258186359e-09 6.990440289989134109e-09 2.310717003548923224e-08 7.158486225441100881e-08 2.076393602417667675e-07 5.632473167612662779e-07 1.427457249542811666e-06 3.379524352616629220e-06 7.483594609311859792e-06 1.554119515240755218e-05 3.037734585550639155e-05 5.609963405012189432e-05 9.822352705216356138e-05 1.635627920307671337e-04 2.598138919607491447e-04 3.948479402737839461e-04 5.756945644298560108e-04 8.072365309974130531e-04 1.090905340056267736e-03 1.423579900332946121e-03 1.796769254339211294e-03 2.196446284163623090e-03 2.603343983261510990e-03 2.994699702700964663e-03 3.346343956490483058e-03 3.634587803396782148e-03 3.839148667266095369e-03 3.945253024507070980e-03 3.945253024507070980e-03 3.839148667266095369e-03 3.634587803396781714e-03 3.346343956490481757e-03 2.994699702700963796e-03 2.603343983261510990e-03 2.196446284163622222e-03 1.796769254339211077e-03 1.423579900332945904e-03 1.090905340056267520e-03 8.072365309974130531e-04 5.756945644298559024e-04 3.948479402737840004e-04 2.598138919607491447e-04 1.635627920307671066e-04 9.822352705216346651e-05 5.609963405012182656e-05 3.037734585550633395e-05 1.554119515240751830e-05 7.483594609311836075e-06 3.379524352616615667e-06 1.427457249542804678e-06 5.632473167612634192e-07 2.076393602417658146e-07 7.158486225441070441e-08 2.310717003548915283e-08 6.990440289989114257e-09 1.983282921258182637e-09 5.279394682035494689e-10 1.319022249921674427e-10 3.094056503173918672e-11 6.816625034529309439e-12 1.411127771305570454e-12 2.746320009445007692e-13 5.028033272098199122e-14 8.666031440885990849e-15 1.407197459777525776e-15 2.155111595475404595e-16 3.122023818139003832e-17 4.289455503876089953e-18 5.382515301521708970e-19 -5.673373455648692926e-20 -3.039664408139591702e-20 1.389852617625868329e-20 6.732823274280726492e-21 -2.165175553603994280e-21 -1.013072278124398244e-21 4.013102203858476236e-22 1.414225242599584305e-22 -6.093854755896506152e-23
1.268304538034542429e-22 3.972463419764661334e-22 -1.013072278124398056e-21 -2.150794394085225643e-21 7.003856137384092746e-21 1.364426832370787768e-20 -3.313526563371497156e-20 -5.234150506542157041e-20 6.288120619400265878e-19 5.000117550908611587e-18 3.730596892355580358e-17 2.646973758821201610e-16 1.775703928481919746e-15 1.124397417721593198e-14 6.713222442392989093e-14 3.776144041200013525e-13 1.999572367177115343e-12 9.960726502868935102e-12 4.664886585948433472e-11 2.052850683089214750e-10 8.484868380822554919e-10 3.292556924166687398e-09 1.199094128828997874e-08 4.096437390727054749e-08 1.311957725853703606e-07 3.935503599819294082e-07 1.104375581548617738e-06 2.895363888914081669e-06 7.086733843840914300e-06 1.620337813058467193e-05 3.468173750113365153e-05 6.972729379098950683e-05 1.321985626361173128e-04 2.372781371012825031e-04 4.045864181867065822e-04 6.574485617856949335e-04 1.021161982738546820e-03 1.520454279604541853e-03 2.176126101938320213e-03 3.001311971933403981e-03 3.997595573218633638e-03 5.150926274232882178e-03 6.429032248657592236e-03 7.781883464332124689e-03 9.143541143319581718e-03 1.043959616453930470e-02 1.159309211453312533e-02 1.253131576001259746e-02 1.319341022377669426e-02 1.353568096656008329e-02 1.353568096656007982e-02 1.319341022377669426e-02 1.253131576001259573e-02 1.159309211453311839e-02 1.043959616453930123e-02 9.143541143319578249e-03 7.781883464332122954e-03 6.429032248657589634e-03 5.150926274232880443e-03 3.997595573218634506e-03 3.001311971933403981e-03 2.176126101938320213e-03 1.520454279604541853e-03 1.021161982738546387e-03 6.574485617856947166e-04 4.045864181867062028e-04 2.372781371012822862e-04 1.321985626361170418e-04 6.972729379098937131e-05 3.468173750113354311e-05 1.620337813058460755e-05 7.086733843840880419e-06 2.895363888914067693e-06 1.104375581548612656e-06 3.935503599819278200e-07 1.311957725853699106e-07 4.096437390727044161e-08 1.199094128828995557e-08 3.292556924166682848e-09 8.484868380822547682e-10 2.052850683089213974e-10 4.664886585948431533e-11 9.960726502868935102e-12 1.999572367177115343e-12 3.776144041200015040e-13 6.713222442392990355e-14 1.124397417721593513e-14 1.775703928481919943e-15 2.646973758821202596e-16 3.730596892355580974e-17 5.000117550908613898e-18 6.288120619400269730e-19 -5.234150506542155837e-20 -3.313526563371497758e-20 1.364426832370787467e-20 7.003856137384092746e-21 -2.150794394085224891e-21 -1.013072278124398432e-21 3.972463419764661334e-22 1.268304538034542899e-22
3.442078696919200020e-22 -9.628241304471548218e-22 -2.165175553603995408e-21 7.003856137384092746e-21 1.355472367470156859e-20 -3.448896528105004869e-20 -4.910275524596700960e-20 6.940187357539803833e-19 5.578503293384599913e-18 4.263969010526751736e-17 3.103529178802100727e-16 2.136762040688808161e-15 1.389714098502661051e-14 8.529178955139363632e-14 4.935498907322310515e-13 2.690531123106609518e-12 1.380681349748509893e-11 6.664902162856738160e-11 3.024617812632070831e-10 1.289701227111560680e-09 5.164654682588883938e-09 1.941460150249584793e-08 6.847543590225380350e-08 2.264581582302356974e-07 7.016325357511823292e-07 2.034100912591860099e-06 5.509649659416104492e-06 1.392511457181295544e-05 3.283257954019228454e-05 7.232377782482258199e-05 1.492852574871133685e-04 2.898924603918699543e-04 5.317932065988439580e-04 9.250800816003586311e-04 1.531119243181980468e-03 2.419384495240385711e-03 3.662795202808024654e-03 5.328093498219505474e-03 7.461913116533793605e-03 1.007788005004880451e-02 1.314797177395446784e-02 1.660856215064886177e-02 2.037387861143713855e-02 2.433278674373786157e-02 2.832621720583745548e-02 3.214939489722369592e-02 3.556871495436493558e-02 3.835833366089041324e-02 4.032973527669636571e-02 4.134940726472971506e-02 4.134940726472970118e-02 4.032973527669633795e-02 3.835833366089037855e-02 3.556871495436491476e-02 3.214939489722368898e-02 2.832621720583744160e-02 2.433278674373784770e-02 2.037387861143712814e-02 1.660856215064885483e-02 1.314797177395446784e-02 1.007788005004880451e-02 7.461913116533790136e-03 5.328093498219502872e-03 3.662795202808023353e-03 2.419384495240384410e-03 1.531119243181979384e-03 9.250800816003577638e-04 5.317932065988429822e-04 2.898924603918693580e-04 1.492852574871129077e-04 7.232377782482232449e-05 3.283257954019214224e-05 1.392511457181288938e-05 5.509649659416081622e-06 2.034100912591852052e-06 7.016325357511802117e-07 2.264581582302350622e-07 6.847543590225368439e-08 1.941460150249582477e-08 5.164654682588878148e-09 1.289701227111560059e-09 3.024617812632070314e-10 6.664902162856739452e-11 1.380681349748510377e-11 2.690531123106610326e-12 4.935498907322310515e-13 8.529178955139364894e-14 1.389714098502661051e-14 2.136762040688808950e-15 3.103529178802101220e-16 4.263969010526751736e-17 5.578503293384602224e-18 6.940187357539806722e-19 -4.910275524596699154e-20 -3.448896528105005471e-20 1.355472367470156558e-20 7.003856137384094251e-21 -2.165175553603994656e-21 -9.628241304471546337e-22 3.442078696919199080e-22
-8.165086829115567750e-22 -2.173255869367201352e-21 6.732823274280724988e-21 1.364426832370787768e-20 -3.448896528105004869e-20 -4.790119931553070572e-20 7.282860030222439998e-19 5.957081476240481210e-18 4.660665416888091834e-17 3.476267741346075858e-16 2.454187062645003959e-15 1.637969151740173578e-14 1.032445303360506457e-13 6.140533078743485477e-13 3.443082413867792505e-12 1.818584430959879370e-11 9.041310523636828518e-11 4.228034403560194647e-10 1.858588540195141005e-09 7.675741582212356808e-09 2.976585063004916747e-08 1.083271009334965683e-07 3.697382580528060536e-07 1.182548137531961178e-06 3.539948675126929418e-06 9.902577800199764888e-06 2.584235533210195256e-05 6.284929806900865106e-05 1.425345511519346257e-04 3.021913436388634524e-04 6.011944683783859798e-04 1.126961969257621538e-03 1.998876922044849451e-03 3.370102435900645260e-03 5.419923415814381293e-03 8.331794693881795777e-03 1.226347119054078429e-02 1.734059164212557735e-02 2.373175064370253856e-02 3.163190579842321826e-02 4.103373378621393702e-02 5.161755166360328106e-02 6.284729764988308820e-02 7.409986497227362412e-02 8.476863785369412319e-02 9.434806291530024869e-02 1.024402993388440763e-01 1.087557056529506599e-01 1.130868211003255019e-01 1.152903513580072342e-01 1.152903513580072342e-01 1.130868211003254464e-01 1.087557056529505628e-01 1.024402993388439376e-01 9.434806291530017930e-02 8.476863785369410931e-02 7.409986497227358249e-02 6.284729764988304657e-02 5.161755166360326025e-02 4.103373378621393008e-02 3.163190579842322520e-02 2.373175064370253162e-02 1.734059164212556001e-02 1.226347119054077388e-02 8.331794693881790573e-03 5.419923415814377823e-03 3.370102435900643525e-03 1.998876922044845982e-03 1.126961969257619153e-03 6.011944683783844619e-04 3.021913436388624767e-04 1.425345511519340836e-04 6.284929806900836646e-05 2.584235533210183398e-05 9.902577800199724231e-06 3.539948675126919253e-06 1.182548137531958637e-06 3.697382580528054713e-07 1.083271009334964359e-07 2.976585063004913769e-08 7.675741582212353499e-09 1.858588540195141005e-09 4.228034403560195164e-10 9.041310523636831103e-11 1.818584430959880017e-11 3.443082413867793313e-12 6.140533078743486486e-13 1.032445303360506583e-13 1.637969151740173894e-14 2.454187062645004748e-15 3.476267741346076351e-16 4.660665416888091834e-17 5.957081476240481210e-18 7.282860030222441924e-19 -4.790119931553068767e-20 -3.448896528105004869e-20 1.364426832370787768e-20 6.732823274280724988e-21 -2.173255869367200976e-21 -8.165086829115565870e-22
-1.891859192003515688e-21 6.159531717822605583e-21 1.389852617625868630e-20 -3.313526563371497156e-20 -4.910275524596700960e-20 7.282860030222439998e-19 6.088869427583304098e-18 4.872490308710956673e-17 3.720708146909209451e-16 2.691165483605515126e-15 1.841586762921363785e-14 1.191106734405101108e-13 7.274819392433138914e-13 4.191982369207882870e-12 2.277018718874631837e-11 1.164948453078148456e-10 5.609286823625936364e-10 2.540179972471171765e-09 1.081177675584320412e-08 4.322555110467221413e-08 1.622283838860452746e-07 5.711566566769194359e-07 1.884734108733581555e-06 5.822460430268128681e-06 1.681281655279510739e-05 4.529093189188959813e-05 1.136225774548558414e-04 2.653687289408259244e-04 5.779770854411161226e-04 1.177633620873298282e-03 2.254809620691077508e-03 4.079546815015760476e-03 6.997691684469133609e-03 1.139083882554623589e-02 1.765823519673098696e-02 2.643711087888293149e-02 3.850235599227875422e-02 5.404527387654453618e-02 7.249190127615573465e-02 9.276749468973538582e-02 1.137235158481205155e-01 1.343955995220094124e-01 1.540337576198179403e-01 1.720729860110589982e-01 1.881009697943406833e-01 2.018193109655640471e-01 2.130199484565943879e-01 2.215606891340052009e-01 2.273324342267356857e-01 2.302460602436540993e-01 2.302460602436541826e-01 2.273324342267358800e-01 2.215606891340053397e-01 2.130199484565943879e-01 2.018193109655640194e-01 1.881009697943406556e-01 1.720729860110590537e-01 1.540337576198179681e-01 1.343955995220093846e-01 1.137235158481205155e-01 9.276749468973534418e-02 7.249190127615573465e-02 5.404527387654452925e-02 3.850235599227872646e-02 2.643711087888290373e-02 1.765823519673096614e-02 1.139083882554622375e-02 6.997691684469123201e-03 4.079546815015752670e-03 2.254809620691072304e-03 1.177633620873294379e-03 5.779770854411138458e-04 2.653687289408247860e-04 1.136225774548553535e-04 4.529093189188944228e-05 1.681281655279505996e-05 5.822460430268116822e-06 1.884734108733578802e-06 5.711566566769189065e-07 1.622283838860451423e-07 4.322555110467219428e-08 1.081177675584320246e-08 2.540179972471171765e-09 5.609286823625937398e-10 1.164948453078148973e-10 2.277018718874633129e-11 4.191982369207882870e-12 7.274819392433141943e-13 1.191106734405101361e-13 1.841586762921364101e-14 2.691165483605516309e-15 3.720708146909210437e-16 4.872490308710956673e-17 6.088869427583304098e-18 7.282860030222441924e-19 -4.910275524596701562e-20 -3.313526563371496554e-20 1.389852617625868329e-20 6.159531717822603326e-21 -1.891859192003515312e-21
4.947612919540062114e-21 1.408686706048940720e-20 -3.039664408139589896e-20 -5.234150506542157041e-20 6.940187357539803833e-19 5.957081476240481210e-18 4.872490308710956673e-17 3.805889442735025728e-16 2.817970267307041335e-15 1.975531858735593504e-14 1.310010406713779198e-13 8.209393090789592470e-13 4.857330425356168408e-12 2.711098629984546390e-11 1.426191898463454936e-10 7.065436534162564961e-10 3.293780960992995904e-09 1.443888481171595372e-08 5.947844917122633301e-08 2.300786420428311244e-07 8.351432980215311523e-07 2.842013205433524593e-06 9.056627239196000093e-06 2.698356495442497677e-05 7.501216752946600038e-05 1.941343609850561052e-04 4.671075290484595806e-04 1.045254213502704033e-03 2.181901122139434830e-03 4.272967708154756100e-03 7.870954061808372107e-03 1.363488720813579337e-02 2.250887840007877866e-02 3.608004513257082047e-02 5.536095609068538564e-02 7.981104842521616338e-02 1.077822106652792794e-01 1.375576604745935017e-01 1.677378148001646974e-01 1.972488524411377953e-01 2.253078875306906981e-01 2.513635346046373398e-01 2.750358351351441799e-01 2.960642280427228656e-01 3.142863001087740638e-01 3.296058597828195325e-01 3.419523040959728810e-01 3.512609667188694162e-01 3.574817594209215299e-01 3.605929938276332680e-01 3.605929938276331570e-01 3.574817594209214189e-01 3.512609667188698603e-01 3.419523040959736027e-01 3.296058597828198100e-01 3.142863001087739527e-01 2.960642280427229767e-01 2.750358351351444575e-01 2.513635346046373953e-01 2.253078875306905871e-01 1.972488524411376842e-01 1.677378148001645863e-01 1.375576604745934461e-01 1.077822106652792378e-01 7.981104842521609399e-02 5.536095609068533707e-02 3.608004513257079271e-02 2.250887840007874396e-02 1.363488720813576735e-02 7.870954061808353025e-03 4.272967708154744824e-03 2.181901122139427458e-03 1.045254213502699913e-03 4.671075290484577917e-04 1.941343609850554818e-04 7.501216752946579709e-05 2.698356495442492595e-05 9.056627239195986541e-06 2.842013205433523323e-06 8.351432980215308347e-07 2.300786420428311773e-07 5.947844917122634625e-08 1.443888481171595703e-08 3.293780960992997558e-09 7.065436534162568062e-10 1.426191898463455453e-10 2.711098629984547360e-11 4.857330425356169216e-12 8.209393090789595499e-13 1.310010406713779703e-13 1.975531858735593504e-14 2.817970267307042518e-15 3.805889442735026714e-16 4.872490308710956673e-17 5.957081476240481210e-18 6.940187357539803833e-19 -5.234150506542155837e-20 -3.039664408139590498e-20 1.408686706048940720e-20 4.947612919540061362e-21
1.244991286636758939e-20 -2.610454776839951381e-20 -5.673373455648695333e-20 6.288120619400265878e-19 5.578503293384599913e-18 4.660665416888091834e-17 3.720708146909209451e-16 2.817970267307041335e-15 2.022280130319463594e-14 1.373780180245287851e-13 8.826054245989884501e-13 5.357838894333834099e-12 3.070350108427304404e-11 1.659475152807256866e-10 8.452049593720809998e-10 4.053256184048297257e-09 1.828766897110030298e-08 7.757126834572478872e-08 3.091072805132086597e-07 1.156216486765828029e-06 4.055911138886746039e-06 1.332741639583915294e-05 4.095693536371067213e-05 1.174665603299523487e-04 3.136235226875755291e-04 7.775538623803692102e-04 1.788797045142786601e-03 3.833299486398130188e-03 7.660386942103173183e-03 1.426287526984234937e-02 2.531234931145324996e-02 4.341143526194714969e-02 6.953025885192219702e-02 1.020217811159132709e-01 1.383693099059222775e-01 1.764617233906437266e-01 2.147200168898373007e-01 2.520090960617923370e-01 2.875288450075038638e-01 3.207410614898980605e-01 3.513052965072215872e-01 3.790151003516995520e-01 4.037409196648852339e-01 4.254043566740406956e-01 4.439801523466130329e-01 4.594734384041045394e-01 4.718714510857419109e-01 4.811333760914464630e-01 4.872452482888204317e-01 4.902639553703578290e-01 4.902639553703577180e-01 4.872452482888198211e-01 4.811333760914462410e-01 4.718714510857426880e-01 4.594734384041051500e-01 4.439801523466130884e-01 4.254043566740404181e-01 4.037409196648852339e-01 3.790151003516998296e-01 3.513052965072217537e-01 3.207410614898980605e-01 2.875288450075037527e-01 2.520090960617922260e-01 2.147200168898372730e-01 1.764617233906436988e-01 1.383693099059221943e-01 1.020217811159132015e-01 6.953025885192214151e-02 4.341143526194708030e-02 2.531234931145319791e-02 1.426287526984230773e-02 7.660386942103148897e-03 3.833299486398115009e-03 1.788797045142780096e-03 7.775538623803664997e-04 3.136235226875747160e-04 1.174665603299521318e-04 4.095693536371062469e-05 1.332741639583914278e-05 4.055911138886744345e-06 1.156216486765828029e-06 3.091072805132087656e-07 7.757126834572484166e-08 1.828766897110031291e-08 4.053256184048298911e-09 8.452049593720816201e-10 1.659475152807257642e-10 3.070350108427305696e-11 5.357838894333835715e-12 8.826054245989887530e-13 1.373780180245288356e-13 2.022280130319464540e-14 2.817970267307042124e-15 3.720708146909210437e-16 4.660665416888091834e-17 5.578503293384599913e-18 6.288120619400265878e-19 -5.673373455648695333e-20 -2.610454776839952585e-20 1.244991286636758788e-20
-1.869997026620309521e-20 -5.987611760317355405e-20 5.382515301521706081e-19 5.000117550908611587e-18 4.263969010526751736e-17 3.476267741346075858e-16 2.691165483605515126e-15 1.975531858735593504e-14 1.373780180245287851e-13 9.041603735799277585e-13 5.626878933649340300e-12 3.308105278368840291e-11 1.835607255539389801e-10 9.604563645977435670e-10 4.734737393089475628e-09 2.197220064411861523e-08 9.590974296040389376e-08 3.934760878345491576e-07 1.515924320000685553e-06 5.479303192698435344e-06 1.855857530646017316e-05 5.880958240087654767e-05 1.739809642863452560e-04 4.791730772398264610e-04 1.224566937225951427e-03 2.902112938169393395e-03 6.374715032484642996e-03 1.292438250540002727e-02 2.479688662539778626e-02 4.571000907824870896e-02 7.688812530886154906e-02 1.157818427699476432e-01 1.591344626158050501e-01 2.043475196671947214e-01 2.496304225989984249e-01 2.937934714625734522e-01 3.360424903974156274e-01 3.758326082474282570e-01 4.128128624373126332e-01 4.467716529926385460e-01 4.775748614478719789e-01 5.051309309767638700e-01 5.294111052823118335e-01 5.504400083679586997e-01 5.682752570338837073e-01 5.829805718628198186e-01 5.946093812152117852e-01 6.032018764134424726e-01 6.088208577293040547e-01 6.115783347102602407e-01 6.115783347102605738e-01 6.088208577293037216e-01 6.032018764134393640e-01 5.946093812152098979e-01 5.829805718628202627e-01 5.682752570338844844e-01 5.504400083679575895e-01 5.294111052823103902e-01 5.051309309767633149e-01 4.775748614478721454e-01 4.467716529926387681e-01 4.128128624373126332e-01 3.758326082474281460e-01 3.360424903974155719e-01 2.937934714625733967e-01 2.496304225989984249e-01 2.043475196671946104e-01 1.591344626158049391e-01 1.157818427699475461e-01 7.688812530886143803e-02 4.571000907824859100e-02 2.479688662539769953e-02 1.292438250539998390e-02 6.374715032484620444e-03 2.902112938169383420e-03 1.224566937225948175e-03 4.791730772398255394e-04 1.739809642863450934e-04 5.880958240087650024e-05 1.855857530646016639e-05 5.479303192698435344e-06 1.515924320000685553e-06 3.934760878345494753e-07 9.590974296040397317e-08 2.197220064411862847e-08 4.734737393089478109e-09 9.604563645977437738e-10 1.835607255539390577e-10 3.308105278368841584e-11 5.626878933649341915e-12 9.041603735799279605e-13 1.373780180245288104e-13 1.975531858735593504e-14 2.691165483605515915e-15 3.476267741346075858e-16 4.263969010526750504e-17 5.000117550908611587e-18 5.382515301521705119e-19 -5.987611760317356609e-20 -1.869997026620308619e-20
-5.314394799308197212e-20 4.311927966514470000e-19 4.289455503876089953e-18 3.730596892355580358e-17 3.103529178802100727e-16 2.454187062645003959e-15 1.841586762921363785e-14 1.310010406713779198e-13 8.826054245989884501e-13 5.626878933649340300e-12 3.391335563903842135e-11 1.930493665722383818e-10 1.036950515473459303e-09 5.251066642893108930e-09 2.504710866500933940e-08 1.124399092732898671e-07 4.746485349863805685e-07 1.882498765563700051e-06 7.007851348250570532e-06 2.445707189071012394e-05 7.989275931946245002e-05 2.437569507527441405e-04 6.925540608542098651e-04 1.825853028243554525e-03 4.458190417166058538e-03 9.998102265863667917e-03 2.086342229180973562e-02 4.182899020292264042e-02 7.544333099792452368e-02 1.187571688564805772e-01 1.676445920468920270e-01 2.189110678624485995e-01 2.704441680107429469e-01 3.208987894596586066e-01 3.694502599617233707e-01 4.155491117313374616e-01 4.587620833422380584e-01 4.987351621936680912e-01 5.352295112326815874e-01 5.681180471985367575e-01 5.973492910094025943e-01 6.229322642123100717e-01 6.449801295463138961e-01 6.636767621012011897e-01 6.792102131136052989e-01 6.917349997425673580e-01 7.014167048309684072e-01 7.084557847707411149e-01 7.130462937683100799e-01 7.153134830217411366e-01 7.153134830217410256e-01 7.130462937683128555e-01 7.084557847707392275e-01 7.014167048309600805e-01 6.917349997425623620e-01 6.792102131136059651e-01 6.636767621012021889e-01 6.449801295463126749e-01 6.229322642123080733e-01 5.973492910094018171e-01 5.681180471985369795e-01 5.352295112326819204e-01 4.987351621936682022e-01 4.587620833422378919e-01 4.155491117313373506e-01 3.694502599617233707e-01 3.208987894596585511e-01 2.704441680107428914e-01 2.189110678624485162e-01 1.676445920468919437e-01 1.187571688564804384e-01 7.544333099792437103e-02 4.182899020292250858e-02 2.086342229180966623e-02 9.998102265863636692e-03 4.458190417166046395e-03 1.825853028243551489e-03 6.925540608542091062e-04 2.437569507527440320e-04 7.989275931946245002e-05 2.445707189071012733e-05 7.007851348250572226e-06 1.882498765563700898e-06 4.746485349863808332e-07 1.124399092732899332e-07 2.504710866500934271e-08 5.251066642893111412e-09 1.036950515473459716e-09 1.930493665722384335e-10 3.391335563903843427e-11 5.626878933649340300e-12 8.826054245989884501e-13 1.310010406713779451e-13 1.841586762921363785e-14 2.454187062645003959e-15 3.103529178802100234e-16 3.730596892355579125e-17 4.289455503876087642e-18 4.311927966514467111e-19 -5.314394799308197212e-20
2.894946399649543628e-19 3.506499277161588535e-18 3.122023818139002600e-17 2.646973758821201610e-16 2.136762040688808161e-15 1.637969151740173578e-14 1.191106734405101108e-13 8.209393090789592470e-13 5.357838894333834099e-12 3.308105278368840291e-11 1.930493665722383818e-10 1.063767362209167562e-09 5.529813216973395178e-09 2.709355156353376283e-08 1.250054888817754826e-07 5.426504126501137922e-07 2.214365941774305787e-06 8.485737425283781070e-06 3.050204507263309229e-05 1.026821256525725385e-04 3.230495570944278837e-04 9.468669322391085920e-04 2.576628575103813608e-03 6.470883543194178196e-03 1.488062039254833477e-02 3.269226973681434167e-02 6.522478648276035240e-02 1.104625201429401959e-01 1.632278424740704337e-01 2.194398456764074801e-01 2.765168867217544513e-01 3.328779688184536623e-01 3.875458079186786531e-01 4.398382444831859250e-01 4.891892988454519253e-01 5.350564443953149674e-01 5.769648545982595245e-01 6.146153967577550059e-01 6.479028191737450371e-01 6.768672029382085675e-01 7.016617641141260631e-01 7.225266701781930534e-01 7.398047242310114013e-01 7.538909539325615583e-01 7.651606806418669304e-01 7.739100047344915634e-01 7.804197987571624973e-01 7.850191459036207631e-01 7.880020557675972981e-01 7.894923399593873903e-01 7.894923399593842817e-01 7.880020557675958548e-01 7.850191459036320873e-01 7.804197987571637185e-01 7.739100047344791289e-01 7.651606806418629336e-01 7.538909539325664433e-01 7.398047242310151761e-01 7.225266701781913881e-01 7.016617641141237316e-01 6.768672029382076794e-01 6.479028191737453701e-01 6.146153967577552280e-01 5.769648545982595245e-01 5.350564443953148563e-01 4.891892988454518143e-01 4.398382444831859250e-01 3.875458079186784865e-01 3.328779688184537178e-01 2.765168867217544513e-01 2.194398456764074523e-01 1.632278424740703504e-01 1.104625201429400849e-01 6.522478648276017199e-02 3.269226973681423759e-02 1.488062039254829660e-02 6.470883543194166053e-03 2.576628575103811006e-03 9.468669322391084836e-04 3.230495570944279379e-04 1.026821256525725521e-04 3.050204507263311261e-05 8.485737425283784458e-06 2.214365941774307481e-06 5.426504126501141099e-07 1.250054888817755621e-07 2.709355156353377937e-08 5.529813216973397659e-09 1.063767362209168182e-09 1.930493665722384335e-10 3.308105278368840937e-11 5.357838894333834099e-12 8.209393090789592470e-13 1.191106734405100856e-13 1.637969151740173578e-14 2.136762040688808161e-15 2.646973758821200624e-16 3.122023818139001983e-17 3.506499277161587764e-18 2.894946399649540739e-19
2.471223803353294565e-18 2.511706081495857299e-17 2.155111595475404595e-16 1.775703928481919746e-15 1.389714098502661051e-14 1.032445303360506457e-13 7.274819392433138914e-13 4.857330425356168408e-12 3.070350108427304404e-11 1.835607255539389801e-10 1.036950515473459303e-09 5.529813216973395178e-09 2.781196713138737059e-08 1.318027521183401703e-07 5.880252410220319626e-07 2.467440911061730643e-06 9.728548661861392193e-06 3.599982888888577054e-05 1.248411878370579665e-04 4.048932017631329218e-04 1.224161819776444513e-03 3.438458131182752300e-03 8.882663070099550140e-03 2.130084604001217588e-02 4.828364803401288124e-02 9.187993579215446294e-02 1.463397407720344046e-01 2.061654838074990226e-01 2.679331255066408346e-01 3.297049575700496948e-01 3.903096754990556527e-01 4.488195397155803623e-01 5.043516162014894944e-01 5.560651561564631251e-01 6.032525482010639983e-01 6.453986662341726355e-01 6.822187828757001471e-01 7.137014999710626917e-01 7.400581470842924059e-01 7.616508027926897073e-01 7.789381479249197771e-01 7.924554156026997198e-01 8.027874879862157975e-01 8.104810003861961931e-01 8.160324155080852515e-01 8.198790326074086865e-01 8.224257088159415696e-01 8.240508047825100268e-01 8.250475274483954902e-01 8.255440506634476039e-01 8.255440506634525999e-01 8.250475274483707322e-01 8.240508047825284565e-01 8.224257088159925289e-01 8.198790326074201218e-01 8.160324155080551645e-01 8.104810003861886436e-01 8.027874879862293422e-01 7.924554156027101559e-01 7.789381479249189999e-01 7.616508027926858215e-01 7.400581470842914067e-01 7.137014999710633578e-01 6.822187828757005912e-01 6.453986662341725244e-01 6.032525482010637763e-01 5.560651561564630141e-01 5.043516162014894944e-01 4.488195397155803623e-01 3.903096754990555972e-01 3.297049575700497503e-01 2.679331255066409456e-01 2.061654838074989393e-01 1.463397407720343213e-01 9.187993579215429640e-02 4.828364803401275634e-02 2.130084604001212731e-02 8.882663070099541466e-03 3.438458131182750566e-03 1.224161819776444730e-03 4.048932017631331386e-04 1.248411878370580478e-04 3.599982888888579764e-05 9.728548661861397275e-06 2.467440911061733184e-06 5.880252410220323861e-07 1.318027521183402497e-07 2.781196713138738051e-08 5.529813216973397659e-09 1.036950515473459303e-09 1.835607255539390577e-10 3.070350108427304404e-11 4.857330425356168408e-12 7.274819392433138914e-13 1.032445303360506204e-13 1.389714098502660578e-14 1.775703928481918760e-15 2.155111595475403116e-16 2.511706081495855450e-17 2.471223803353293024e-18
1.661551112118917712e-17 1.690900262217314629e-16 1.407197459777525578e-15 1.124397417721593198e-14 8.529178955139363632e-14 6.140533078743485477e-13 4.191982369207882870e-12 2.711098629984546390e-11 1.659475152807256866e-10 9.604563645977435670e-10 5.251066642893108930e-09 2.709355156353376283e-08 1.318027521183401703e-07 6.039752282082260962e-07 2.604605348591386480e-06 1.055996845412389702e-05 4.020638559792858135e-05 1.435582080591678864e-04 4.797788663295370656e-04 1.496019926588838117e-03 4.338291686044056829e-03 1.155088006287278632e-02 2.919882655390789936e-02 6.573633468886237730e-02 1.184584401610898063e-01 1.799756264422898988e-01 2.452680893704899945e-01 3.116792400689618603e-01 3.777619386365784759e-01 4.423786742547315964e-01 5.042832604468263646e-01 5.621688229163555039e-01 6.148982272785565861e-01 6.616849222236562689e-01 7.020852009155323925e-01 7.359843311898136564e-01 7.635651460388176437e-01 7.852576667499846508e-01 8.016417427402663387e-01 8.133691045498934180e-01 8.211411938059745008e-01 8.257323196369221741e-01 8.279293674995539254e-01 8.283760991489765857e-01 8.275805280782230211e-01 8.260583731928208273e-01 8.243201695968936926e-01 8.227657465070800091e-01 8.216591183997872250e-01 8.211105499297779442e-01 8.211105499298088084e-01 8.216591183998001036e-01 8.227657465070371545e-01 8.243201695969301079e-01 8.260583731929355134e-01 8.275805280782394524e-01 8.283760991488948733e-01 8.279293674995451546e-01 8.257323196369392715e-01 8.211411938059887117e-01 8.133691045498933070e-01 8.016417427402627860e-01 7.852576667499840957e-01 7.635651460388187539e-01 7.359843311898144336e-01 7.020852009155322815e-01 6.616849222236560468e-01 6.148982272785564751e-01 5.621688229163555039e-01 5.042832604468261426e-01 4.423786742547314299e-01 3.777619386365783094e-01 3.116792400689619713e-01 2.452680893704899390e-01 1.799756264422898433e-01 1.184584401610896676e-01 6.573633468886226627e-02 2.919882655390785425e-02 1.155088006287278458e-02 4.338291686044057696e-03 1.496019926588838334e-03 4.797788663295374451e-04 1.435582080591680490e-04 4.020638559792860846e-05 1.055996845412390549e-05 2.604605348591388174e-06 6.039752282082265198e-07 1.318027521183402497e-07 2.709355156353378268e-08 5.251066642893110585e-09 9.604563645977435670e-10 1.659475152807256608e-10 2.711098629984545421e-11 4.191982369207881254e-12 6.140533078743485477e-13 8.529178955139361108e-14 1.124397417721592882e-14 1.407197459777524395e-15 1.690900262217313397e-16 1.661551112118916171e-17
1.076361510524772535e-16 1.074596745610647901e-15 8.666031440885989271e-15 6.713222442392989093e-14 4.935498907322310515e-13 3.443082413867792505e-12 2.277018718874631837e-11 1.426191898463454936e-10 8.452049593720809998e-10 4.734737393089475628e-09 2.504710866500933940e-08 1.250054888817754826e-07 5.880252410220319626e-07 2.604605348591386480e-06 1.085260586007586085e-05 4.249088574081659014e-05 1.561171286828598828e-04 5.373503283370223080e-04 1.727489264891361254e-03 5.173017027509101140e-03 1.425187320960472591e-02 3.768246121838148693e-02 8.266421575445402625e-02 1.425890806428159185e-01 2.096094868650809073e-01 2.794646097790854933e-01 3.501902877577282580e-01 4.204735222842369557e-01 4.887604016976503374e-01 5.532644025813886479e-01 6.122854028282667116e-01 6.645603696483202150e-01 7.093299658183112033e-01 7.463493310373652267e-01 7.757260531096075162e-01 7.978289207956812401e-01 8.132894872957816546e-01 8.229360372895154763e-01 8.276333764808839755e-01 8.282302555452576431e-01 8.256595938155261161e-01 8.208254560506816899e-01 8.145567593293256969e-01 8.075688163720038393e-01 8.004051396412600328e-01 7.935423075885761346e-01 7.874771817722872047e-01 7.826691306062526499e-01 7.794204098763652944e-01 7.778195459407925005e-01 7.778195459408412393e-01 7.794204098764034860e-01 7.826691306061551723e-01 7.874771817722758804e-01 7.935423075886907096e-01 8.004051396413078834e-01 8.075688163719521029e-01 8.145567593292781794e-01 8.208254560506972330e-01 8.256595938155520953e-01 8.282302555452651927e-01 8.276333764808836424e-01 8.229360372895129228e-01 8.132894872957825427e-01 7.978289207956832385e-01 7.757260531096085154e-01 7.463493310373647827e-01 7.093299658183104262e-01 6.645603696483199929e-01 6.122854028282668226e-01 5.532644025813882038e-01 4.887604016976497823e-01 4.204735222842369002e-01 3.501902877577283135e-01 2.794646097790854933e-01 2.096094868650808241e-01 1.425890806428158075e-01 8.266421575445395686e-02 3.768246121838146612e-02 1.425187320960472591e-02 5.173017027509104609e-03 1.727489264891362772e-03 5.373503283370228501e-04 1.561171286828599912e-04 4.249088574081661047e-05 1.085260586007587101e-05 2.604605348591388174e-06 5.880252410220322802e-07 1.250054888817755356e-07 2.504710866500933278e-08 4.734737393089476455e-09 8.452049593720808964e-10 1.426191898463454419e-10 2.277018718874630867e-11 3.443082413867790889e-12 4.935498907322308496e-13 6.713222442392986569e-14 8.666031440885984538e-15 1.074596745610647112e-15 1.076361510524771672e-16
