2.821924387117515710e-24 -1.019306308683093688e-23 -4.112551582912451932e-24 4.707702234763134736e-23 -2.818059963839046502e-23 -1.652320256767694161e-22 2.391704890436109208e-22 4.841342569808125446e-22 -1.186875355371011949e-21 -1.267320444056697412e-21 4.977751233550229316e-21 3.869685623108424173e-21 -1.750418634834873027e-20 -3.461459649274133275e-21 3.544390587766853081e-19 3.529826933977115650e-18 3.359627441429396182e-17 2.890052383614457288e-16 2.244872644553449555e-15 1.577453356540896967e-14 1.004486132081961016e-13 5.807772566244526136e-13 3.055408065129754888e-12 1.465909522787999538e-11 6.429204051935110550e-11 2.583811868555653057e-10 9.536953771431640649e-10 3.239519765936423548e-09 1.014337650470648842e-08 2.931107004899361588e-08 7.822466949833338942e-08 1.928880401995195762e-07 4.401334627434869509e-07 9.331594366462025389e-07 1.847902371332672767e-06 3.434017417697201754e-06 6.012603709452302512e-06 9.956605368343370729e-06 1.565480362784512643e-05 2.346012731674616451e-05 3.362135320377991263e-05 4.620672056131131303e-05 6.103168200890698298e-05 7.761369380629254573e-05 9.516028198400690839e-05 1.125893453346779431e-04 1.286833952448504265e-04 1.421714733195519192e-04 1.519002940481351579e-04 1.569979694031090837e-04 1.569979694031091650e-04 1.519002940481351579e-04 1.421714733195519192e-04 1.286833952448504536e-04 1.125893453346779431e-04 9.516028198400692194e-05 7.761369380629259994e-05 6.103168200890698298e-05 4.620672056131131981e-05 3.362135320377990585e-05 2.346012731674616789e-05 1.565480362784512643e-05 9.956605368343374117e-06 6.012603709452299971e-06 3.434017417697201754e-06 1.847902371332670438e-06 9.331594366462009507e-07 4.401334627434859450e-07 1.928880401995188615e-07 7.822466949833300561e-08 2.931107004899345375e-08 1.014337650470643052e-08 3.239519765936406177e-09 9.536953771431584814e-10 2.583811868555641166e-10 6.429204051935087286e-11 1.465909522787995338e-11 3.055408065129746406e-12 5.807772566244517048e-13 1.004486132081969220e-13 1.577453356540953765e-14 2.244872644553414845e-15 2.890052383612041894e-16 3.359627441415648431e-17 3.529826933976242818e-18 3.544390588322270573e-19 -3.461459605353783880e-21 -1.750418633823164573e-20 3.869685607564385027e-21 4.977751218506348158e-21 -1.267320444006007651e-21 -1.186875348915864467e-21 4.841342589556545268e-22 2.391704871349732036e-22 -1.652320268139497746e-22 -2.818059917731922169e-23 4.707702281020135774e-23 -4.112551682899233668e-24 -1.019306323810769996e-23 2.821924400571470999e-24
-1.019306308683093688e-23 -6.107698845233005580e-24 5.408399668659058046e-23 -2.719515195907496582e-23 -1.984940153941755373e-22 2.754736016402359345e-22 5.900629111985468716e-22 -1.452966066122833481e-21 -1.478507601771986013e-21 6.298567863860865424e-21 3.780618180953487050e-21 -2.265929184091134506e-20 6.935661036618243632e-21 5.029003358895411226e-19 5.441061516257542525e-18 5.404034190911701915e-17 4.857761072328589477e-16 3.946527927902569756e-15 2.904156936002080384e-14 1.938806318373898576e-13 1.176256732385548748e-12 6.497256553017691949e-12 3.274083202848895685e-11 1.508384797945318975e-10 6.367343046038319576e-10 2.468140348727334059e-09 8.802506109139797381e-09 2.893213149685589095e-08 8.774445043025869633e-08 2.457486115642215941e-07 6.360365473870047388e-07 1.522631826720112554e-06 3.380064689958241771e-06 6.990468476186507151e-06 1.353899148579748217e-05 2.466737396217915480e-05 4.244282819425600472e-05 6.921885335671943546e-05 1.073919073833056343e-04 1.590626162561251664e-04 2.255984249188590276e-04 3.071671802651001646e-04 4.023254210778461830e-04 5.077926869587425689e-04 6.184295582283088309e-04 7.274621301276914002e-04 8.274325367866137634e-04 9.107058723998437064e-04 9.704864834885717747e-04 1.001713565916005459e-03 1.001713565916005893e-03 9.704864834885719915e-04 9.107058723998443569e-04 8.274325367866140887e-04 7.274621301276914002e-04 6.184295582283091562e-04 5.077926869587426773e-04 4.023254210778462914e-04 3.071671802651002189e-04 2.255984249188590276e-04 1.590626162561250851e-04 1.073919073833056343e-04 6.921885335671943546e-05 4.244282819425599116e-05 2.466737396217914125e-05 1.353899148579747201e-05 6.990468476186496986e-06 3.380064689958234995e-06 1.522631826720106836e-06 6.360365473870014565e-07 2.457486115642202176e-07 8.774445043025820664e-08 2.893213149685573875e-08 8.802506109139752714e-09 2.468140348727323305e-09 6.367343046038296828e-10 1.508384797945315356e-10 3.274083202848889223e-11 6.497256553017679024e-12 1.176256732385548546e-12 1.938806318373917509e-13 2.904156936002158639e-14 3.946527927902313376e-15 4.857761072324349350e-16 5.404034190892230609e-17 5.441061516275381259e-18 5.029003359719061167e-19 6.935661090196600562e-21 -2.265929182785856551e-20 3.780618164545037884e-21 6.298567846819791905e-21 -1.478507602331960677e-21 -1.452966058996257168e-21 5.900629136640551481e-22 2.754735995802958255e-22 -1.984940167752519071e-22 -2.719515148555668317e-23 5.408399724663811312e-23 -6.107698933218452846e-24 -1.019306324506270183e-23
-4.112551582912451932e-24 5.408399668659058046e-23 -2.710851390974499352e-23 -2.036748816364608428e-22 2.931503591291570563e-22 5.940753566550464677e-22 -1.581918922978907563e-21 -1.361620038576981723e-21 6.917508631653601062e-21 2.775923571719791402e-21 -2.502432276875276002e-20 2.103300194297824349e-20 6.462110612708734056e-19 7.301577511073199624e-18 7.436085085422384578e-17 6.899142851788871481e-16 5.790005469043060854e-15 4.404534428819057667e-14 3.041773509575492121e-13 1.909938767917063994e-12 1.092185657334814063e-11 5.698193557737524601e-11 2.717590249210083872e-10 1.187196274133581503e-09 4.760361244515279144e-09 1.755347473252505521e-08 5.961893463461202445e-08 1.867204027358947034e-07 5.395802887085496819e-07 1.439263971465478688e-06 3.545884908278376638e-06 8.082989584750447328e-06 1.711539785770618642e-05 3.384850191026945467e-05 6.284819104161124687e-05 1.100468695059420292e-04 1.824499486938225027e-04 2.875322459397306146e-04 4.323752049307603832e-04 6.225080677262132250e-04 8.604908326022362840e-04 1.144672945576075780e-03 1.468336585357691345e-03 1.819402415846794628e-03 2.180679139774164936e-03 2.531073366325366312e-03 2.848102488317422014e-03 3.109352907450674188e-03 3.295437124291255258e-03 3.392164554713652212e-03 3.392164554713653080e-03 3.295437124291254391e-03 3.109352907450674188e-03 2.848102488317422448e-03 2.531073366325367613e-03 2.180679139774165803e-03 1.819402415846795929e-03 1.468336585357691779e-03 1.144672945576075563e-03 8.604908326022362840e-04 6.225080677262131166e-04 4.323752049307602748e-04 2.875322459397304520e-04 1.824499486938224485e-04 1.100468695059420021e-04 6.284819104161120621e-05 3.384850191026940724e-05 1.711539785770615593e-05 8.082989584750420223e-06 3.545884908278362662e-06 1.439263971465471276e-06 5.395802887085470349e-07 1.867204027358936975e-07 5.961893463461174652e-08 1.755347473252497911e-08 4.760361244515262600e-09 1.187196274133578194e-09 2.717590249210079219e-10 5.698193557737517492e-11 1.092185657334813093e-11 1.909938767917063186e-12 3.041773509575516355e-13 4.404534428819181361e-14 5.790005469043017466e-15 6.899142851784787154e-16 7.436085085397500947e-17 7.301577511051737061e-18 6.462110613440928324e-19 2.103300199597412096e-20 -2.502432275483537635e-20 2.775923556642523571e-21 6.917508615088229230e-21 -1.361620039604443531e-21 -1.581918916208449614e-21 5.940753593083943216e-22 2.931503572460175043e-22 -2.036748831046225126e-22 -2.710851351150543963e-23 5.408399726041916220e-23 -4.112551628673050375e-24
4.707702234763134736e-23 -2.719515195907496582e-23 -2.036748816364608428e-22 3.009643610343624559e-22 5.878994449942929234e-22 -1.660810189197181121e-21 -1.226591032384890622e-21 7.328068966974036948e-21 1.750806717226601158e-21 -2.653513733123859276e-20 3.580412375447740322e-20 7.921101747465267121e-19 9.282007520778390350e-18 9.745843242445593963e-17 9.324179250063263213e-16 8.078533485113987354e-15 6.350249503787032765e-14 4.535519540885148991e-13 2.947392526624057121e-12 1.745282450762986602e-11 9.432034794250328079e-11 4.660299821354054286e-10 2.109111391472703840e-09 8.759718597119679341e-09 3.344872500410012151e-08 1.176130278969896148e-07 3.812560788125073826e-07 1.140023649298567482e-06 3.144858440091356067e-06 8.005663005346970757e-06 1.883005859470389864e-05 4.105000672688302257e-05 8.336827640663516158e-05 1.586403123501072714e-04 2.842852544192675068e-04 4.818959892976337560e-04 7.757591077062868119e-04 1.190503972807655051e-03 1.748216492770051679e-03 2.464616018450861267e-03 3.345061732478483985e-03 4.380288622325249036e-03 5.542906886744368260e-03 6.787095951413601481e-03 8.050657685465853475e-03 9.261385321134229034e-03 1.034474179284946248e-02 1.122951612495557555e-02 1.185574763573116371e-02 1.218008088253817560e-02 1.218008088253817560e-02 1.185574763573116544e-02 1.122951612495558076e-02 1.034474179284946248e-02 9.261385321134234239e-03 8.050657685465856944e-03 6.787095951413604084e-03 5.542906886744369994e-03 4.380288622325250771e-03 3.345061732478483985e-03 2.464616018450860833e-03 1.748216492770051679e-03 1.190503972807654834e-03 7.757591077062865950e-04 4.818959892976334850e-04 2.842852544192673984e-04 1.586403123501070817e-04 8.336827640663498540e-05 4.105000672688290738e-05 1.883005859470382749e-05 8.005663005346930100e-06 3.144858440091339974e-06 1.140023649298561553e-06 3.812560788125054768e-07 1.176130278969891384e-07 3.344872500410000240e-08 8.759718597119657834e-09 2.109111391472700945e-09 4.660299821354049116e-10 9.432034794250324201e-11 1.745282450762984987e-11 2.947392526624055909e-12 4.535519540885168681e-13 6.350249503787132477e-14 8.078533485113949489e-15 9.324179250059782365e-16 9.745843242425100836e-17 9.282007520769984051e-18 7.921101748115216477e-19 3.580412380032426786e-20 -2.653513731923062419e-20 1.750806704633602023e-21 7.328068952250332616e-21 -1.226591034062307330e-21 -1.660810183242736116e-21 5.878994478860064873e-22 3.009643594897646657e-22 -2.036748832068364483e-22 -2.719515170859324157e-23 4.707702286354774817e-23
-2.818059963839046502e-23 -1.984940153941755373e-22 2.931503591291570563e-22 5.878994449942929234e-22 -1.684130793073842842e-21 -1.148850951662557259e-21 7.564125978107683065e-21 9.867704437020410978e-22 -2.750362961275563306e-20 4.876721116379788095e-20 9.289449393320744107e-19 1.123302644974583214e-17 1.214765061202463752e-16 1.196742512780008287e-15 1.069032587995451375e-14 8.672139991370122556e-14 6.397697711011036512e-13 4.297618592856826101e-12 2.632160580268567669e-11 1.471952929593341821e-10 7.527405316092494946e-10 3.526086901032357816e-09 1.515634079316736536e-08 5.988164434524083430e-08 2.177999659997679003e-07 7.301180593203598010e-07 2.257144807387019062e-06 6.434930678043443164e-06 1.691421076948916341e-05 4.101595573609794192e-05 9.197864080323052557e-05 1.916128231371407183e-04 3.730295647815996167e-04 6.824546519889179144e-04 1.178879150113120149e-03 1.931494217848819025e-03 3.015174524177917890e-03 4.503825332155424188e-03 6.454214532740247534e-03 8.888955050917149436e-03 1.178808464700535283e-02 1.509193431293126379e-02 1.871521193742691630e-02 2.255759180835028785e-02 2.647977555835518554e-02 3.028408640738596697e-02 3.372646999326402856e-02 3.656063283204832870e-02 3.857788245724128734e-02 3.962657264368683874e-02 3.962657264368683874e-02 3.857788245724128040e-02 3.656063283204834258e-02 3.372646999326402162e-02 3.028408640738598778e-02 2.647977555835518901e-02 2.255759180835030173e-02 1.871521193742693018e-02 1.509193431293127767e-02 1.178808464700535630e-02 8.888955050917145967e-03 6.454214532740247534e-03 4.503825332155424188e-03 3.015174524177918324e-03 1.931494217848817724e-03 1.178879150113119282e-03 6.824546519889171554e-04 3.730295647815991288e-04 1.916128231371403117e-04 9.197864080323018676e-05 4.101595573609774541e-05 1.691421076948907532e-05 6.434930678043411823e-06 2.257144807387008898e-06 7.301180593203566246e-07 2.177999659997671591e-07 5.988164434524068871e-08 1.515634079316734550e-08 3.526086901032354507e-09 7.527405316092489777e-10 1.471952929593341563e-10 2.632160580268567669e-11 4.297618592856826101e-12 6.397697711011056706e-13 8.672139991370209646e-14 1.069032587995441750e-14 1.196742512779674598e-15 1.214765061200638032e-16 1.123302644974376138e-17 9.289449393889848701e-19 4.876721120384182237e-20 -2.750362960141628718e-20 9.867704334154451990e-22 7.564125964549705008e-21 -1.148850954178627686e-21 -1.684130787712750146e-21 5.878994482573747752e-22 2.931503578361948497e-22 -1.984940170265963913e-22 -2.818059951871349096e-23
-1.652320256767694161e-22 2.754736016402359345e-22 5.940753566550464677e-22 -1.660810189197181121e-21 -1.148850951662557259e-21 7.648075740327518421e-21 5.810285244514820714e-22 -2.809459756110040733e-20 5.843705603056318653e-20 1.041950332047647183e-18 1.295149988718248051e-17 1.440765454063013273e-16 1.459910919625351343e-15 1.342912777380368077e-14 1.122888431158352061e-13 8.546363961944912950e-13 5.927706396935786095e-12 3.751189302623996125e-11 2.168583358141513965e-10 1.146842660445741371e-09 5.556473011811682201e-09 2.470276409148084585e-08 1.009316784967453075e-07 3.795556417575212141e-07 1.315192610689723899e-06 4.201909347510137958e-06 1.237730090098348693e-05 3.359493328554365914e-05 8.400663669968517079e-05 1.938457312408625917e-04 4.143942004561206732e-04 8.252311769059945739e-04 1.540161070226809788e-03 2.710352431901214519e-03 4.523514756965099290e-03 7.176969007280378614e-03 1.084373223243866036e-02 1.566473015605733543e-02 2.181977773732558801e-02 2.961949806783675462e-02 3.918925479591076760e-02 5.018293363747441255e-02 6.195827805818361622e-02 7.379633225799220320e-02 8.501325351413008269e-02 9.505745149897629198e-02 1.035138260284329120e-01 1.100954367858908156e-01 1.146034252893173289e-01 1.168965141865641322e-01 1.168965141865641322e-01 1.146034252893173427e-01 1.100954367858908295e-01 1.035138260284329398e-01 9.505745149897631974e-02 8.501325351413011044e-02 7.379633225799224483e-02 6.195827805818365092e-02 5.018293363747442642e-02 3.918925479591077454e-02 2.961949806783675462e-02 2.181977773732557760e-02 1.566473015605733196e-02 1.084373223243865689e-02 7.176969007280375144e-03 4.523514756965097555e-03 2.710352431901212351e-03 1.540161070226807837e-03 8.252311769059930560e-04 4.143942004561193180e-04 1.938457312408616972e-04 8.400663669968472355e-05 3.359493328554350328e-05 1.237730090098342764e-05 4.201909347510121017e-06 1.315192610689719875e-06 3.795556417575202612e-07 1.009316784967451222e-07 2.470276409148081276e-08 5.556473011811679719e-09 1.146842660445741164e-09 2.168583358141514999e-10 3.751189302623997418e-11 5.927706396935786095e-12 8.546363961944933145e-13 1.122888431158360013e-13 1.342912777380360188e-14 1.459910919625048026e-15 1.440765454061371949e-16 1.295149988717974569e-17 1.041950332095560468e-18 5.843705606575405533e-20 -2.809459754919586722e-20 5.810285167641577129e-22 7.648075727343518645e-21 -1.148850955472854489e-21 -1.660810184333064678e-21 5.940753604988028746e-22 2.754736006863223628e-22 -1.652320271890282283e-22
2.391704890436109208e-22 5.900629111985468716e-22 -1.581918922978907563e-21 -1.226591032384890622e-21 7.564125978107683065e-21 5.810285244514820714e-22 -2.829202452574772086e-20 6.358964622791779624e-20 1.116522253259889797e-18 1.423626876393406437e-17 1.626891465522338556e-16 1.693729937382905850e-15 1.602476490444691423e-14 1.379527397164130564e-13 1.081992381051436544e-12 7.740126231112636828e-12 5.055594009629093184e-11 3.018466584343738070e-10 1.649372050490546739e-09 8.259297641021827417e-09 3.795518238627437700e-08 1.602961533953415578e-07 6.229904442730264241e-07 2.230600825391666133e-06 7.362510868541204351e-06 2.240187409505022093e-05 6.278595356558745624e-05 1.619537406791089740e-04 3.847085816128529212e-04 8.439847316793329954e-04 1.718853221232401326e-03 3.276109368791091988e-03 5.876212705810263982e-03 9.928725590607593438e-03 1.585605769679065274e-02 2.433874425398825994e-02 3.652495989775860624e-02 5.276493875483282553e-02 7.225925840420378832e-02 9.363459267501587913e-02 1.155072106643153934e-01 1.368554563452352990e-01 1.569642944933493656e-01 1.753125669918607077e-01 1.915278709126716494e-01 2.053565978854245133e-01 2.166221508590687461e-01 2.251926524634956517e-01 2.309639700710777455e-01 2.338658331243468613e-01 2.338658331243468336e-01 2.309639700710778010e-01 2.251926524634955962e-01 2.166221508590687461e-01 2.053565978854245688e-01 1.915278709126716494e-01 1.753125669918607354e-01 1.569642944933493656e-01 1.368554563452352990e-01 1.155072106643153934e-01 9.363459267501587913e-02 7.225925840420378832e-02 5.276493875483282553e-02 3.652495989775859236e-02 2.433874425398824953e-02 1.585605769679064581e-02 9.928725590607583029e-03 5.876212705810256176e-03 3.276109368791085483e-03 1.718853221232396556e-03 8.439847316793297428e-04 3.847085816128510780e-04 1.619537406791081609e-04 6.278595356558714453e-05 2.240187409505012267e-05 7.362510868541184022e-06 2.230600825391661474e-06 6.229904442730255771e-07 1.602961533953414784e-07 3.795518238627435715e-08 8.259297641021827417e-09 1.649372050490547359e-09 3.018466584343739104e-10 5.055594009629091892e-11 7.740126231112638444e-12 1.081992381051438564e-12 1.379527397164137885e-13 1.602476490444687006e-14 1.693729937382651442e-15 1.626891465520879410e-16 1.423626876392518660e-17 1.116522253298037269e-18 6.358964626009894209e-20 -2.829202451157557277e-20 5.810285194866408095e-22 7.564125964855866179e-21 -1.226591037893415324e-21 -1.581918918282149355e-21 5.900629154941489188e-22 2.391704883783586068e-22
4.841342569808125446e-22 -1.452966066122833481e-21 -1.361620038576981723e-21 7.328068966974036948e-21 9.867704437020410978e-22 -2.809459756110040733e-20 6.358964622791779624e-20 1.142580000373659230e-18 1.492430021162840838e-17 1.749650523035573295e-16 1.869597331253507804e-15 1.817388454528191065e-14 1.609001491023773517e-13 1.299035078814132097e-12 9.574019848474985454e-12 6.447798472654361492e-11 3.972050602297014215e-10 2.240656145002008070e-09 1.158786049315871950e-08 5.501038715118727657e-08 2.400260493466151205e-07 9.637721675933412123e-07 3.564776288127672121e-06 1.215344627127938979e-05 3.819183444726891952e-05 1.105327712775001914e-04 2.942283505720180324e-04 7.197552514432354644e-04 1.621053776582443871e-03 3.384573945230402291e-03 6.585189071898875715e-03 1.192503939397692760e-02 2.036107832265431072e-02 3.396838511004720423e-02 5.421656514126017845e-02 8.016602922960372468e-02 1.095437004780283885e-01 1.403075465848631631e-01 1.710819389823629577e-01 2.008608553429767074e-01 2.289446587268822997e-01 2.548782859278172497e-01 2.783583794018034685e-01 2.991735011558012136e-01 3.171929361409191461e-01 3.323450741769261585e-01 3.445672994762130070e-01 3.537761530255166820e-01 3.599034025387979341e-01 3.629486592328594607e-01 3.629486592328594607e-01 3.599034025387979341e-01 3.537761530255167375e-01 3.445672994762130070e-01 3.323450741769261585e-01 3.171929361409191461e-01 2.991735011558012691e-01 2.783583794018033575e-01 2.548782859278172497e-01 2.289446587268822997e-01 2.008608553429767074e-01 1.710819389823629022e-01 1.403075465848631631e-01 1.095437004780283469e-01 8.016602922960369693e-02 5.421656514126016457e-02 3.396838511004717648e-02 2.036107832265428644e-02 1.192503939397690504e-02 6.585189071898860103e-03 3.384573945230392750e-03 1.621053776582436715e-03 7.197552514432316697e-04 2.942283505720166229e-04 1.105327712774997306e-04 3.819183444726879077e-05 1.215344627127936269e-05 3.564776288127667886e-06 9.637721675933405770e-07 2.400260493466150146e-07 5.501038715118729642e-08 1.158786049315872777e-08 2.240656145002008484e-09 3.972050602297015766e-10 6.447798472654362785e-11 9.574019848474990301e-12 1.299035078814134117e-12 1.609001491023780837e-13 1.817388454528192958e-14 1.869597331253307039e-15 1.749650523034221138e-16 1.492430021160907821e-17 1.142580000402976121e-18 6.358964625946131484e-20 -2.809459754304471781e-20 9.867704415870015719e-22 7.328068952774618895e-21 -1.361620046155346595e-21 -1.452966061795465063e-21 4.841342611255648124e-22
-1.186875355371011949e-21 -1.478507601771986013e-21 6.917508631653601062e-21 1.750806717226601158e-21 -2.750362961275563306e-20 5.843705603056318653e-20 1.116522253259889797e-18 1.492430021162840838e-17 1.792549148574877479e-16 1.964118041176362805e-15 1.959643241660901352e-14 1.782389444918633260e-13 1.479727324787712121e-12 1.122414092591437345e-11 7.786194236151667559e-11 4.944286298944914744e-10 2.876820352995735614e-09 1.535358583018161697e-08 7.524620385373514123e-08 3.390327530840618458e-07 1.405927300103351880e-06 5.370927793828588831e-06 1.891224450926332513e-05 6.137998918493647274e-05 1.834594172485212629e-04 5.040928766556891606e-04 1.270710211674143039e-03 2.946653351129935924e-03 6.305315653464203460e-03 1.238386982972558385e-02 2.295211645314217119e-02 4.160175227964053174e-02 6.943113152818697342e-02 1.037703640413237260e-01 1.413186401309904083e-01 1.800330904175448110e-01 2.184079936877899863e-01 2.554658576512759960e-01 2.905922869092598115e-01 3.233869289276067316e-01 3.535781776696135248e-01 3.809717064271179177e-01 4.054448245026160969e-01 4.269321561708912527e-01 4.453947746783427641e-01 4.608070265685885736e-01 4.731369389212216059e-01 4.823449176451232168e-01 4.884225649195023111e-01 4.914259558902945857e-01 4.914259558902946412e-01 4.884225649195024777e-01 4.823449176451232168e-01 4.731369389212215504e-01 4.608070265685885181e-01 4.453947746783426531e-01 4.269321561708912527e-01 4.054448245026161524e-01 3.809717064271179177e-01 3.535781776696134693e-01 3.233869289276065651e-01 2.905922869092598115e-01 2.554658576512759960e-01 2.184079936877899586e-01 1.800330904175447833e-01 1.413186401309903251e-01 1.037703640413236428e-01 6.943113152818686240e-02 4.160175227964044153e-02 2.295211645314211568e-02 1.238386982972555263e-02 6.305315653464180908e-03 2.946653351129922480e-03 1.270710211674137401e-03 5.040928766556872090e-04 1.834594172485206937e-04 6.137998918493636432e-05 1.891224450926329802e-05 5.370927793828585443e-06 1.405927300103351456e-06 3.390327530840618987e-07 7.524620385373515447e-08 1.535358583018163020e-08 2.876820352995736855e-09 4.944286298944915778e-10 7.786194236151667559e-11 1.122414092591437668e-11 1.479727324787713332e-12 1.782389444918639066e-13 1.959643241660908925e-14 1.964118041176209371e-15 1.792549148573522610e-16 1.492430021159503279e-17 1.116522253282048006e-18 5.843705606400559983e-20 -2.750362958917369219e-20 1.750806717982298452e-21 6.917508615429398692e-21 -1.478507610801308325e-21 -1.186875351507318124e-21
-1.267320444056697412e-21 6.298567863860865424e-21 2.775923571719791402e-21 -2.653513733123859276e-20 4.876721116379788095e-20 1.041950332047647183e-18 1.423626876393406437e-17 1.749650523035573295e-16 1.964118041176362805e-15 2.009444547228075681e-14 1.875833369485833015e-13 1.599770143503103390e-12 1.247660018883417051e-11 8.906363899897048424e-11 5.824356087924352060e-10 3.492422015086002179e-09 1.921989363494195721e-08 9.717726263701241975e-08 4.518854441288053841e-07 1.934574641945337783e-06 7.631434970501066483e-06 2.775295261709328251e-05 9.303731087763591405e-05 2.872530580535860361e-04 8.149991418546697827e-04 2.121774833746517888e-03 5.070407907683397060e-03 1.100147208031033823e-02 2.230466833039061736e-02 4.406296741181504190e-02 7.747755286824176135e-02 1.182885465515774726e-01 1.626456717871614388e-01 2.080490342123970660e-01 2.529770664977893935e-01 2.965959100776483504e-01 3.383024850275875295e-01 3.776358570802224035e-01 4.142921818701830738e-01 4.480620231782631024e-01 4.787762831403264974e-01 5.062988210491281560e-01 5.305761751175540608e-01 5.516317395373632193e-01 5.695087294934325639e-01 5.842280426052469666e-01 5.958186723873007962e-01 6.043687179050033498e-01 6.099998456757922405e-01 6.127984094542408000e-01 6.127984094542408000e-01 6.099998456757921295e-01 6.043687179050033498e-01 5.958186723873004631e-01 5.842280426052468556e-01 5.695087294934325639e-01 5.516317395373632193e-01 5.305761751175540608e-01 5.062988210491282670e-01 4.787762831403264419e-01 4.480620231782631580e-01 4.142921818701830738e-01 3.776358570802223480e-01 3.383024850275875295e-01 2.965959100776483504e-01 2.529770664977893380e-01 2.080490342123969549e-01 1.626456717871613555e-01 1.182885465515773754e-01 7.747755286824165033e-02 4.406296741181493781e-02 2.230466833039054450e-02 1.100147208031029313e-02 5.070407907683371906e-03 2.121774833746509215e-03 8.149991418546671806e-04 2.872530580535854398e-04 9.303731087763580563e-05 2.775295261709326896e-05 7.631434970501066483e-06 1.934574641945336936e-06 4.518854441288055429e-07 9.717726263701249916e-08 1.921989363494197706e-08 3.492422015086002592e-09 5.824356087924354128e-10 8.906363899897048424e-11 1.247660018883416728e-11 1.599770143503104601e-12 1.875833369485837559e-13 2.009444547228092089e-14 1.964118041176243687e-15 1.749650523034088757e-16 1.423626876388359576e-17 1.041950332064623870e-18 4.876721120113633617e-20 -2.653513730106992634e-20 2.775923575365427452e-21 6.298567846617757340e-21 -1.267320452841570125e-21
4.977751233550229316e-21 3.780618180953487050e-21 -2.502432276875276002e-20 3.580412375447740322e-20 9.289449393320744107e-19 1.295149988718248051e-17 1.626891465522338556e-16 1.869597331253507804e-15 1.959643241660901352e-14 1.875833369485833015e-13 1.641872529925131104e-12 1.315342770786394702e-11 9.653204251450204138e-11 6.495237322306182705e-10 4.010234609483023881e-09 2.273925009783949157e-08 1.185282433334752789e-07 5.685045048485635043e-07 2.511479711861891808e-06 1.022734371341881117e-05 3.840983995930973206e-05 1.330225043496516160e-04 4.244160022189529370e-04 1.244590446783355817e-03 3.352449210721850960e-03 8.194814759661597434e-03 1.830788123921559679e-02 3.994638677378988673e-02 7.613832736858416883e-02 1.215641472190319011e-01 1.713570047033954880e-01 2.224617328684038164e-01 2.733452022905039080e-01 3.231037286922574525e-01 3.711369343086373118e-01 4.169301187006524967e-01 4.600086020328518766e-01 4.999611335673101453e-01 5.365034274522422209e-01 5.694468006916282299e-01 5.987038984413697307e-01 6.242871200805532039e-01 6.463078513833919736e-01 6.649500843170500497e-01 6.804208170957484203e-01 6.928793903946621757e-01 7.024778027604141606e-01 7.094400170894210600e-01 7.140037446258000742e-01 7.162841336844181228e-01 7.162841336844179008e-01 7.140037446258002962e-01 7.094400170894209490e-01 7.024778027604141606e-01 6.928793903946621757e-01 6.804208170957485313e-01 6.649500843170500497e-01 6.463078513833919736e-01 6.242871200805528709e-01 5.987038984413697307e-01 5.694468006916282299e-01 5.365034274522419988e-01 4.999611335673100898e-01 4.600086020328517655e-01 4.169301187006524412e-01 3.711369343086372563e-01 3.231037286922574525e-01 2.733452022905039636e-01 2.224617328684037054e-01 1.713570047033954047e-01 1.215641472190318456e-01 7.613832736858403005e-02 3.994638677378976183e-02 1.830788123921552046e-02 8.194814759661566209e-03 3.352449210721839250e-03 1.244590446783352998e-03 4.244160022189524492e-04 1.330225043496515618e-04 3.840983995930973206e-05 1.022734371341881286e-05 2.511479711861892655e-06 5.685045048485636101e-07 1.185282433334753583e-07 2.273925009783951142e-08 4.010234609483023054e-09 6.495237322306184773e-10 9.653204251450204138e-11 1.315342770786394379e-11 1.641872529925131710e-12 1.875833369485838316e-13 1.959643241660924703e-14 1.869597331253406041e-15 1.626891465520599365e-16 1.295149988711166021e-17 9.289449393446857851e-19 3.580412379729327542e-20 -2.502432273009641200e-20 3.780618185910920253e-21 4.977751216921507178e-21
3.869685623108424173e-21 -2.265929184091134506e-20 2.103300194297824349e-20 7.921101747465267121e-19 1.123302644974583214e-17 1.440765454063013273e-16 1.693729937382905850e-15 1.817388454528191065e-14 1.782389444918633260e-13 1.599770143503103390e-12 1.315342770786394702e-11 9.915611067315043187e-11 6.858730884940804128e-10 4.356638760308252391e-09 2.543297987119703709e-08 1.365716225340391778e-07 6.752168996911118714e-07 3.076438591610788479e-06 1.292794670785535891e-05 5.013156222886404919e-05 1.793809716331538516e-04 5.916678517016430621e-04 1.795134864906934146e-03 4.992313096746186542e-03 1.252123482644196088e-02 3.019938597433937874e-02 6.532891939714911833e-02 1.131952651898014833e-01 1.669736960372952272e-01 2.228568402612151056e-01 2.791123498891621701e-01 3.347254446770788761e-01 3.889647382795124453e-01 4.411248504650989166e-01 4.905190166976302613e-01 5.364715567706617172e-01 5.784321781049071021e-01 6.160728531126282714e-01 6.492894839428369202e-01 6.781236705688595823e-01 7.027410568993789353e-01 7.234217164588438997e-01 7.405310428412527068e-01 7.544444463215134178e-01 7.655248269621640622e-01 7.741176534757092664e-01 7.805430280948717492e-01 7.851008393033275246e-01 7.880422068463344143e-01 7.894979077985104787e-01 7.894979077985109228e-01 7.880422068463347474e-01 7.851008393033274135e-01 7.805430280948717492e-01 7.741176534757094885e-01 7.655248269621641732e-01 7.544444463215134178e-01 7.405310428412524848e-01 7.234217164588434557e-01 7.027410568993788242e-01 6.781236705688595823e-01 6.492894839428369202e-01 6.160728531126281604e-01 5.784321781049073241e-01 5.364715567706617172e-01 4.905190166976302613e-01 4.411248504650989721e-01 3.889647382795125008e-01 3.347254446770788761e-01 2.791123498891622257e-01 2.228568402612152166e-01 1.669736960372952272e-01 1.131952651898013862e-01 6.532891939714896568e-02 3.019938597433925037e-02 1.252123482644192098e-02 4.992313096746173531e-03 1.795134864906931544e-03 5.916678517016425200e-04 1.793809716331537974e-04 5.013156222886407630e-05 1.292794670785536569e-05 3.076438591610790173e-06 6.752168996911122950e-07 1.365716225340392572e-07 2.543297987119704701e-08 4.356638760308254873e-09 6.858730884940805162e-10 9.915611067315043187e-11 1.315342770786394379e-11 1.599770143503103390e-12 1.782389444918639571e-13 1.817388454528224513e-14 1.693729937382807242e-15 1.440765454060919833e-16 1.123302644965227046e-17 7.921101747552115006e-19 2.103300199272583548e-20 -2.265929179839662209e-20 3.869685627395305745e-21
-1.750418634834873027e-20 6.935661036618243632e-21 6.462110612708734056e-19 9.282007520778390350e-18 1.214765061202463752e-16 1.459910919625351343e-15 1.602476490444691423e-14 1.609001491023773517e-13 1.479727324787712121e-12 1.247660018883417051e-11 9.653204251450204138e-11 6.858730884940804128e-10 4.478557055915061214e-09 2.689608537262870820e-08 1.486805985712047452e-07 7.572112502722617707e-07 3.556086919627147657e-06 1.541303975634810203e-05 6.169201422196276445e-05 2.280572338870690702e-04 7.778356915510610406e-04 2.443967255718107728e-03 7.016230996549514820e-03 1.844704267590454097e-02 4.700427356567627585e-02 9.398559644932689972e-02 1.500220844335623804e-01 2.096087700263125908e-01 2.704088239807808103e-01 3.313964401296794482e-01 3.916614793852622456e-01 4.501757426099987636e-01 5.058473159246527073e-01 5.576648177681208240e-01 6.048350014889209980e-01 6.468304682361514235e-01 6.834134358609053050e-01 7.146193806834486573e-01 7.406944755426965177e-01 7.620181377571259018e-01 7.790443262287919390e-01 7.923101758191311017e-01 8.024461731128518238e-01 8.099959143398174355e-01 8.154016253275204740e-01 8.191029107046037261e-01 8.215731450406016378e-01 8.232132958810846057e-01 8.242482662232353263e-01 8.247600673683432859e-01 8.247600673683432859e-01 8.242482662232353263e-01 8.232132958810847168e-01 8.215731450406014158e-01 8.191029107046035040e-01 8.154016253275205850e-01 8.099959143398174355e-01 8.024461731128519348e-01 7.923101758191312127e-01 7.790443262287920501e-01 7.620181377571259018e-01 7.406944755426962956e-01 7.146193806834485462e-01 6.834134358609054161e-01 6.468304682361514235e-01 6.048350014889208870e-01 5.576648177681209351e-01 5.058473159246527073e-01 4.501757426099987636e-01 3.916614793852621901e-01 3.313964401296796147e-01 2.704088239807808658e-01 2.096087700263126463e-01 1.500220844335623527e-01 9.398559644932676094e-02 4.700427356567610931e-02 1.844704267590447852e-02 7.016230996549502677e-03 2.443967255718105559e-03 7.778356915510609322e-04 2.280572338870690973e-04 6.169201422196279156e-05 1.541303975634811219e-05 3.556086919627149774e-06 7.572112502722617707e-07 1.486805985712048246e-07 2.689608537262870820e-08 4.478557055915061214e-09 6.858730884940801026e-10 9.653204251450200261e-11 1.247660018883416567e-11 1.479727324787712121e-12 1.609001491023781342e-13 1.602476490444732444e-14 1.459910919625248396e-15 1.214765061200021488e-16 9.282007520655793354e-18 6.462110612740376122e-19 6.935661092183630634e-21 -1.750418630858124405e-20
-3.461459649274133275e-21 5.029003358895411226e-19 7.301577511073199624e-18 9.745843242445593963e-17 1.196742512780008287e-15 1.342912777380368077e-14 1.379527397164130564e-13 1.299035078814132097e-12 1.122414092591437345e-11 8.906363899897048424e-11 6.495237322306182705e-10 4.356638760308252391e-09 2.689608537262870820e-08 1.529492566208044802e-07 8.018521737313076446e-07 3.879002631130357902e-06 1.733051994522456554e-05 7.156330215095034312e-05 2.732217577898932593e-04 9.636588580513984290e-04 3.138400394221931098e-03 9.314718403807738592e-03 2.639301761856103351e-02 6.614136828925371026e-02 1.217587684376632701e-01 1.836156403977316498e-01 2.478595001439036771e-01 3.133542829727377077e-01 3.791120325421634685e-01 4.438479590185817614e-01 5.059468835042180146e-01 5.638834189188853818e-01 6.164855865766363241e-01 6.630072587298141418e-01 7.030684778571053561e-01 7.365928231405407534e-01 7.638074060869437520e-01 7.851814221497637192e-01 8.012947338303244571e-01 8.127927332528976923e-01 8.203901159176112401e-01 8.248275040160446547e-01 8.268732784013264059e-01 8.272293832954361603e-01 8.263641726645228891e-01 8.247690103836500253e-01 8.229424460232096505e-01 8.213524797821274426e-01 8.202879959494658868e-01 8.197966627855532984e-01 8.197966627855529653e-01 8.202879959494657758e-01 8.213524797821277756e-01 8.229424460232097616e-01 8.247690103836502473e-01 8.263641726645224450e-01 8.272293832954358273e-01 8.268732784013265169e-01 8.248275040160444327e-01 8.203901159176110180e-01 8.127927332528975812e-01 8.012947338303245681e-01 7.851814221497636082e-01 7.638074060869437520e-01 7.365928231405408644e-01 7.030684778571053561e-01 6.630072587298138087e-01 6.164855865766361021e-01 5.638834189188852708e-01 5.059468835042180146e-01 4.438479590185816503e-01 3.791120325421633019e-01 3.133542829727378187e-01 2.478595001439038437e-01 1.836156403977315943e-01 1.217587684376631590e-01 6.614136828925354372e-02 2.639301761856096412e-02 9.314718403807728184e-03 3.138400394221930231e-03 9.636588580513984290e-04 2.732217577898934219e-04 7.156330215095038378e-05 1.733051994522457232e-05 3.879002631130359596e-06 8.018521737313080681e-07 1.529492566208045331e-07 2.689608537262870158e-08 4.356638760308253218e-09 6.495237322306183739e-10 8.906363899897045839e-11 1.122414092591437022e-11 1.299035078814132097e-12 1.379527397164140409e-13 1.342912777380416986e-14 1.196742512779907904e-15 9.745843242418056555e-17 7.301577510904497405e-18 5.029003359072323299e-19 -3.461459599141302630e-21
3.544390587766853081e-19 5.441061516257542525e-18 7.436085085422384578e-17 9.324179250063263213e-16 1.069032587995451375e-14 1.122888431158352061e-13 1.081992381051436544e-12 9.574019848474985454e-12 7.786194236151667559e-11 5.824356087924352060e-10 4.010234609483023881e-09 2.543297987119703709e-08 1.486805985712047452e-07 8.018521737313076446e-07 3.993019963214569780e-06 1.837715162975068356e-05 7.823597095538324599e-05 3.083097782517670049e-04 1.124153128675965630e-03 3.797014641859865203e-03 1.167696659743225514e-02 3.544047814334557595e-02 8.446936331424446942e-02 1.463329078162058927e-01 2.126316295222882014e-01 2.812859075293610012e-01 3.515447899727527359e-01 4.219974703241652358e-01 4.905534618655452150e-01 5.550923922974753122e-01 6.138890022195835350e-01 6.657813978739872685e-01 7.101387673312576920e-01 7.467574399565779508e-01 7.757717216255882731e-01 7.975541531394907402e-01 8.127438644840250248e-01 8.221702696839728874e-01 8.266845884773585951e-01 8.270869503108952969e-01 8.243658101422994822e-01 8.194523710108894132e-01 8.130763769750924963e-01 8.059517477280057074e-01 7.987272549337707250e-01 7.918718644159997710e-01 7.857863882612232675e-01 7.808968188226286244e-01 7.775415886068686167e-01 7.758711518727821055e-01 7.758711518727821055e-01 7.775415886068686167e-01 7.808968188226287355e-01 7.857863882612233786e-01 7.918718644159994380e-01 7.987272549337705030e-01 8.059517477280058184e-01 8.130763769750922743e-01 8.194523710108891912e-01 8.243658101422994822e-01 8.270869503108952969e-01 8.266845884773585951e-01 8.221702696839732205e-01 8.127438644840252469e-01 7.975541531394907402e-01 7.757717216255882731e-01 7.467574399565779508e-01 7.101387673312573590e-01 6.657813978739869354e-01 6.138890022195832019e-01 5.550923922974748681e-01 4.905534618655450485e-01 4.219974703241651248e-01 3.515447899727526804e-01 2.812859075293610567e-01 2.126316295222882291e-01 1.463329078162056984e-01 8.446936331424430289e-02 3.544047814334552737e-02 1.167696659743225340e-02 3.797014641859866504e-03 1.124153128675966281e-03 3.083097782517672759e-04 7.823597095538330020e-05 1.837715162975069372e-05 3.993019963214570627e-06 8.018521737313077505e-07 1.486805985712047717e-07 2.543297987119703709e-08 4.010234609483021399e-09 5.824356087924351026e-10 7.786194236151664975e-11 9.574019848474977376e-12 1.081992381051436544e-12 1.122888431158362537e-13 1.069032587995506279e-14 9.324179250062569016e-16 7.436085085390231101e-17 5.441061516100039204e-18 3.544390587812135064e-19
