7.879754290610222779e-24 4.332983398581718239e-23 -5.449739912126616926e-23 -3.027069383889986979e-22 3.734619484184136626e-22 2.443375539860482140e-21 -3.974157556274469793e-22 -1.049156281692668218e-20 2.470398913727998544e-20 3.361184377888246260e-19 1.986674646917893058e-18 1.144643355865099866e-17 6.377401146756787855e-17 3.409048981239835363e-16 1.744480978695047082e-15 8.534142419845124345e-15 3.986638709930245947e-14 1.776338001217604852e-13 7.541442600855808524e-13 3.047551514131439214e-12 1.171089376727430004e-11 4.275197968483563709e-11 1.481264237310994418e-10 4.866101256361458106e-10 1.513973650438422496e-09 4.455415116940952589e-09 1.238380444571285849e-08 3.246024327197050249e-08 8.013885169160936559e-08 1.862628199629399665e-07 4.078325387719089746e-07 8.427288265848081228e-07 1.647654024589969458e-06 3.056685868136214204e-06 5.395421784182279242e-06 9.084134778070275502e-06 1.462346351854446669e-05 2.255851287804910209e-05 3.341918015128516532e-05 4.763974610578781141e-05 6.546188707846708099e-05 8.683703209363486048e-05 1.113399946975422554e-04 1.381241031634873769e-04 1.659165895904119760e-04 1.930907509258805688e-04 2.178646258139029098e-04 2.384203172275271084e-04 2.531458294638698524e-04 2.608305837183265852e-04 2.608305837183265310e-04 2.531458294638695814e-04 2.384203172275269999e-04 2.178646258139027743e-04 1.930907509258806773e-04 1.659165895904118947e-04 1.381241031634874040e-04 1.113399946975422960e-04 8.683703209363486048e-05 6.546188707846705389e-05 4.763974610578782496e-05 3.341918015128515177e-05 2.255851287804911903e-05 1.462346351854447855e-05 9.084134778070273808e-06 5.395421784182277548e-06 3.056685868136211662e-06 1.647654024589967976e-06 8.427288265848065346e-07 4.078325387719076511e-07 1.862628199629390666e-07 8.013885169160898178e-08 3.246024327197033705e-08 1.238380444571280721e-08 4.455415116940936873e-09 1.513973650438418773e-09 4.866101256361445698e-10 1.481264237310991057e-10 4.275197968483557246e-11 1.171089376727428712e-11 3.047551514131436790e-12 7.541442600855802465e-13 1.776338001217604095e-13 3.986638709930245947e-14 8.534142419845125923e-15 1.744480978695048068e-15 3.409048981239836349e-16 6.377401146756792785e-17 1.144643355865099866e-17 1.986674646917894599e-18 3.361184377888249149e-19 2.470398913728000049e-20 -1.049156281692668218e-20 -3.974157556274485780e-22 2.443375539860483645e-21 3.734619484184154023e-22 -3.027069383889986979e-22 -5.449739912126620452e-23 4.332983398581714712e-23 7.879754290610227187e-24
4.332983398581718239e-23 -5.991565614874297568e-23 -3.452010653967190214e-22 4.538504089276942366e-22 2.810127375882246535e-21 -9.626442451858759204e-22 -1.250599340317588276e-20 3.873775637185809959e-20 4.505986657217940185e-19 2.813517557773867766e-18 1.686598715080962809e-17 9.706611280817740199e-17 5.360971673127569532e-16 2.837228715207432938e-15 1.436946560867060487e-14 6.956079048326787083e-14 3.214922221597776221e-13 1.417031324196209887e-12 5.950175164631694553e-12 2.377809553509456572e-11 9.034236751910588969e-11 3.260241927034287759e-10 1.116406767599612189e-09 3.623707071985339419e-09 1.113609941014887400e-08 3.235773334081519609e-08 8.876299216066455719e-08 2.295350220562374264e-07 5.589548289375813015e-07 1.281604239492746342e-06 2.769482774930534618e-06 5.651505895451022928e-06 1.091871212853049262e-05 2.002646951561865262e-05 3.496068179200533010e-05 5.822740996788355140e-05 9.273006426632090420e-05 1.415179945843721837e-04 2.074081018025819253e-04 2.925133323646065360e-04 3.977137121672519879e-04 5.221677690837186157e-04 6.629288722682266351e-04 8.148323976578511268e-04 9.705590830793407861e-04 1.121224311973012403e-03 1.257304059210134078e-03 1.369344268658082096e-03 1.449135891333537193e-03 1.490620982966731241e-03 1.490620982966730157e-03 1.449135891333535675e-03 1.369344268658081228e-03 1.257304059210132561e-03 1.121224311973011969e-03 9.705590830793401355e-04 8.148323976578513437e-04 6.629288722682267435e-04 5.221677690837188326e-04 3.977137121672519879e-04 2.925133323646065360e-04 2.074081018025818982e-04 1.415179945843723192e-04 9.273006426632097196e-05 5.822740996788355818e-05 3.496068179200533687e-05 2.002646951561863907e-05 1.091871212853048584e-05 5.651505895451011070e-06 2.769482774930524878e-06 1.281604239492739989e-06 5.589548289375788663e-07 2.295350220562363941e-07 8.876299216066418661e-08 3.235773334081509021e-08 1.113609941014884422e-08 3.623707071985332388e-09 1.116406767599610121e-09 3.260241927034283106e-10 9.034236751910583799e-11 2.377809553509454957e-11 5.950175164631691322e-12 1.417031324196210089e-12 3.214922221597776726e-13 6.956079048326792132e-14 1.436946560867061749e-14 2.837228715207435305e-15 5.360971673127574462e-16 9.706611280817743897e-17 1.686598715080963733e-17 2.813517557773870462e-18 4.505986657217944036e-19 3.873775637185811765e-20 -1.250599340317589179e-20 -9.626442451858789297e-22 2.810127375882246159e-21 4.538504089276951770e-22 -3.452010653967187393e-22 -5.991565614874299919e-23 4.332983398581715888e-23
-5.449739912126616926e-23 -3.452010653967190214e-22 4.755379301719022292e-22 2.860141084388538149e-21 -1.295500216895078685e-21 -1.288155534971338964e-20 4.720234045057501346e-20 5.106216579111389146e-19 3.225175148058151960e-18 1.966369953938717851e-17 1.158450617357755172e-16 6.554623257972238965e-16 3.555731964766136995e-15 1.847042761658144710e-14 9.176330569625399591e-14 4.355068992876107983e-13 1.972222884737077715e-12 8.512683961288688806e-12 3.498291790481817777e-11 1.367311840831895422e-10 5.077529945567469272e-10 1.789616190609106081e-09 5.980251445683294642e-09 1.892416701788708414e-08 5.663229063705241450e-08 1.600223248994025716e-07 4.262096874766402946e-07 1.068399068896786199e-06 2.518723470114843617e-06 5.586590437205415597e-06 1.167712295548057676e-05 2.305906957823075420e-05 4.314575435059846023e-05 7.671719203755118918e-05 1.299842077961096184e-04 2.103993496637552555e-04 3.261585240683488335e-04 4.853823421268394682e-04 6.950089649112230769e-04 9.595088336259205474e-04 1.279545793376016347e-03 1.650872270859257175e-03 2.063618292582618426e-03 2.502303141045204588e-03 2.946085202399665801e-03 3.370831046142786554e-03 3.750940722097377035e-03 4.061595463676871513e-03 4.281624874649342036e-03 4.395629508290805135e-03 4.395629508290801665e-03 4.281624874649338566e-03 4.061595463676869779e-03 3.750940722097373566e-03 3.370831046142782218e-03 2.946085202399665367e-03 2.502303141045204155e-03 2.063618292582617558e-03 1.650872270859257175e-03 1.279545793376016130e-03 9.595088336259205474e-04 6.950089649112232938e-04 4.853823421268397393e-04 3.261585240683493214e-04 2.103993496637554181e-04 1.299842077961094829e-04 7.671719203755105365e-05 4.314575435059839925e-05 2.305906957823070677e-05 1.167712295548053611e-05 5.586590437205394421e-06 2.518723470114833030e-06 1.068399068896781117e-06 4.262096874766382829e-07 1.600223248994019628e-07 5.663229063705222259e-08 1.892416701788705767e-08 5.980251445683283888e-09 1.789616190609104427e-09 5.077529945567468239e-10 1.367311840831894905e-10 3.498291790481817777e-11 8.512683961288693653e-12 1.972222884737078119e-12 4.355068992876107983e-13 9.176330569625403377e-14 1.847042761658145972e-14 3.555731964766139362e-15 6.554623257972239951e-16 1.158450617357755419e-16 1.966369953938718775e-17 3.225175148058155812e-18 5.106216579111392035e-19 4.720234045057504957e-20 -1.288155534971339265e-20 -1.295500216895080002e-21 2.860141084388540029e-21 4.755379301719037338e-22 -3.452010653967189274e-22 -5.449739912126622803e-23
-3.027069383889986979e-22 4.538504089276942366e-22 2.860141084388538149e-21 -1.403066559631595621e-21 -1.296091453095403280e-20 5.292027131307139754e-20 5.541404045411666256e-19 3.576171658782340868e-18 2.233961986223772610e-17 1.348053257457969333e-16 7.816257255086012293e-16 4.348161961436071263e-15 2.317854768451245945e-14 1.182558446307603904e-13 5.767654510136789162e-13 2.685996607197180695e-12 1.192999890721344350e-11 5.047956308409657991e-11 2.032615444648873341e-10 7.780243845744594769e-10 2.827909974285398256e-09 9.749828675235130244e-09 3.184783950128835878e-08 9.843443715300046473e-08 2.874360216769413237e-07 7.916074634379048513e-07 2.052498402487854730e-06 5.003682484067546259e-06 1.146642679961341569e-05 2.472721336613506509e-05 5.029149537489242279e-05 9.674905058714794665e-05 1.765964911615603176e-04 3.067648801041247299e-04 5.085440272970641199e-04 8.066259554818111261e-04 1.227161718964472426e-03 1.794925777374041390e-03 2.529965181979860339e-03 3.443806742217639990e-03 4.535105062974644809e-03 5.786071794839582443e-03 7.160678981502995380e-03 8.605480445323014996e-03 1.005131800026445865e-02 1.142146532486809467e-02 1.263676238766065635e-02 1.362292671884864428e-02 1.431779560899176622e-02 1.467671800207974615e-02 1.467671800207974268e-02 1.431779560899175234e-02 1.362292671884863735e-02 1.263676238766063553e-02 1.142146532486809120e-02 1.005131800026444824e-02 8.605480445323011526e-03 7.160678981502988441e-03 5.786071794839580708e-03 4.535105062974645676e-03 3.443806742217641291e-03 2.529965181979861640e-03 1.794925777374042474e-03 1.227161718964472860e-03 8.066259554818112345e-04 5.085440272970637946e-04 3.067648801041243504e-04 1.765964911615599381e-04 9.674905058714766205e-05 5.029149537489225339e-05 2.472721336613497699e-05 1.146642679961336995e-05 5.003682484067523389e-06 2.052498402487845836e-06 7.916074634379017809e-07 2.874360216769404767e-07 9.843443715300029268e-08 3.184783950128830584e-08 9.749828675235125281e-09 2.827909974285397015e-09 7.780243845744589599e-10 2.032615444648873341e-10 5.047956308409659929e-11 1.192999890721344512e-11 2.685996607197180695e-12 5.767654510136792191e-13 1.182558446307604661e-13 2.317854768451247523e-14 4.348161961436072841e-15 7.816257255086018209e-16 1.348053257457969826e-16 2.233961986223774459e-17 3.576171658782343949e-18 5.541404045411668182e-19 5.292027131307144569e-20 -1.296091453095402528e-20 -1.403066559631595245e-21 2.860141084388538525e-21 4.538504089276947068e-22 -3.027069383889985568e-22
3.734619484184136626e-22 2.810127375882246535e-21 -1.295500216895078685e-21 -1.296091453095403280e-20 5.488445611765896581e-20 5.771405524392118235e-19 3.805358705357629810e-18 2.430641944495825114e-17 1.500540950803860306e-16 8.907207639935344433e-16 5.076352689936388673e-15 2.774279508682850817e-14 1.452154311086854257e-13 7.271345328537301815e-13 3.478839842200898576e-12 1.588387096271123398e-11 6.913123479724259344e-11 2.864788653505665751e-10 1.129079383085484107e-09 4.227533041863009343e-09 1.502070535968741707e-08 5.058483504771467916e-08 1.612551315563467998e-07 4.858758822579299479e-07 1.381349743210682861e-06 3.698369214477569408e-06 9.308250787653276473e-06 2.200154806869387462e-05 4.885855106491493070e-05 1.021178341773028471e-04 2.014311848391843397e-04 3.761976604783293533e-04 6.673751433419283872e-04 1.127918865458712831e-03 1.821203967613622661e-03 2.817580962585356993e-03 4.188320924177946561e-03 5.995533014226301499e-03 8.280308587198314391e-03 1.105001552270666425e-02 1.427208268943187634e-02 1.788262846161899067e-02 2.179293794587999072e-02 2.587996345362787026e-02 2.997091016499160016e-02 3.385686340557855778e-02 3.730932449742961621e-02 4.011202452863513179e-02 4.208571014258163934e-02 4.310437362606374390e-02 4.310437362606371614e-02 4.208571014258161852e-02 4.011202452863507628e-02 3.730932449742956070e-02 3.385686340557856472e-02 2.997091016499160016e-02 2.587996345362785985e-02 2.179293794587998725e-02 1.788262846161898373e-02 1.427208268943186940e-02 1.105001552270665904e-02 8.280308587198319595e-03 5.995533014226304101e-03 4.188320924177948296e-03 2.817580962585356560e-03 1.821203967613622444e-03 1.127918865458711530e-03 6.673751433419268693e-04 3.761976604783284317e-04 2.014311848391835266e-04 1.021178341773024134e-04 4.885855106491474774e-05 2.200154806869378653e-05 9.308250787653244286e-06 3.698369214477555432e-06 1.381349743210678838e-06 4.858758822579289950e-07 1.612551315563465351e-07 5.058483504771461299e-08 1.502070535968741376e-08 4.227533041863006861e-09 1.129079383085484313e-09 2.864788653505667302e-10 6.913123479724261928e-11 1.588387096271122752e-11 3.478839842200898173e-12 7.271345328537302824e-13 1.452154311086855014e-13 2.774279508682852079e-14 5.076352689936393407e-15 8.907207639935348377e-16 1.500540950803861539e-16 2.430641944495826963e-17 3.805358705357632121e-18 5.771405524392124013e-19 5.488445611765902600e-20 -1.296091453095403581e-20 -1.295500216895082259e-21 2.810127375882243150e-21 3.734619484184142738e-22
2.443375539860482140e-21 -9.626442451858759204e-22 -1.288155534971338964e-20 5.292027131307139754e-20 5.771405524392118235e-19 3.884900305220884577e-18 2.535304609292819646e-17 1.600132412726460952e-16 9.717185300779359166e-16 5.669497481751437646e-15 3.174250635812777020e-14 1.703353799604296595e-13 8.749983820953616043e-13 4.297531034945150047e-12 2.015642438829783909e-11 9.017160158992988153e-11 3.843038322751300386e-10 1.558556638275580058e-09 6.007746988944422922e-09 2.198547079057089791e-08 7.629045187464063461e-08 2.506971027936724235e-07 7.789983865151763928e-07 2.285021132904795657e-06 6.314647331564871371e-06 1.640609156208746973e-05 4.000775199728903589e-05 9.153416598156195847e-05 1.967133609345528874e-04 3.980866547742621772e-04 7.609886778148203159e-04 1.378667414281729234e-03 2.375336084724348658e-03 3.905805545579125754e-03 6.145980434152775902e-03 9.271963268618637136e-03 1.343180756320320156e-02 1.875393752879776776e-02 2.539313460776232781e-02 3.346907503897371405e-02 4.291227460747436273e-02 5.340546307669849502e-02 6.444799449812098346e-02 7.546291870895947829e-02 8.588930067468476814e-02 9.525103540572882332e-02 1.031643892077317298e-01 1.093429730243861420e-01 1.135793990447654805e-01 1.157335702582030501e-01 1.157335702582031334e-01 1.135793990447654112e-01 1.093429730243859893e-01 1.031643892077317159e-01 9.525103540572882332e-02 8.588930067468472651e-02 7.546291870895935339e-02 6.444799449812084469e-02 5.340546307669843951e-02 4.291227460747428640e-02 3.346907503897368630e-02 2.539313460776233128e-02 1.875393752879778858e-02 1.343180756320321370e-02 9.271963268618631931e-03 6.145980434152775035e-03 3.905805545579120984e-03 2.375336084724344321e-03 1.378667414281725765e-03 7.609886778148173886e-04 3.980866547742604425e-04 1.967133609345520743e-04 9.153416598156164676e-05 4.000775199728888004e-05 1.640609156208741552e-05 6.314647331564852736e-06 2.285021132904792269e-06 7.789983865151753340e-07 2.506971027936723176e-07 7.629045187464062137e-08 2.198547079057089460e-08 6.007746988944425403e-09 1.558556638275581092e-09 3.843038322751304005e-10 9.017160158992990738e-11 2.015642438829784555e-11 4.297531034945150855e-12 8.749983820953619073e-13 1.703353799604296595e-13 3.174250635812780176e-14 5.669497481751441590e-15 9.717185300779369027e-16 1.600132412726461938e-16 2.535304609292821803e-17 3.884900305220887658e-18 5.771405524392123050e-19 5.292027131307145773e-20 -1.288155534971338212e-20 -9.626442451858762966e-22 2.443375539860482140e-21
-3.974157556274469793e-22 -1.250599340317588276e-20 4.720234045057501346e-20 5.541404045411666256e-19 3.805358705357629810e-18 2.535304609292819646e-17 1.634756661912305895e-16 1.014904840774942934e-15 6.057739552129889520e-15 3.472051496626518825e-14 1.908656692239749680e-13 1.005091100647164766e-12 5.063893786159246764e-12 2.437979918820380137e-11 1.120235251127359841e-10 4.906748431114778980e-10 2.046260575242085678e-09 8.115044090885311093e-09 3.056754679662252291e-08 1.092274235801348526e-07 3.697695785825640747e-07 1.184195431932410558e-06 3.581575284792094667e-06 1.020981336038343088e-05 2.736986543716902985e-05 6.884861073522700122e-05 1.623032917655772009e-04 3.587035483009595239e-04 7.446631829045843908e-04 1.456273672671635523e-03 2.693046959006563986e-03 4.728396952931819552e-03 7.901524555806317685e-03 1.258040057878346066e-02 1.917359783608001828e-02 2.826553011023422504e-02 4.043955886179678716e-02 5.580446771924342519e-02 7.384218899865779839e-02 9.361322534867604073e-02 1.140863500092006017e-01 1.343484222614686474e-01 1.536614378372893053e-01 1.714548071406905017e-01 1.873020285106555272e-01 2.008883553463484406e-01 2.119936709517605822e-01 2.204678425091444183e-01 2.261969527629290599e-01 2.290896935866742201e-01 2.290896935866743311e-01 2.261969527629293097e-01 2.204678425091445015e-01 2.119936709517606932e-01 2.008883553463484684e-01 1.873020285106555827e-01 1.714548071406903629e-01 1.536614378372892220e-01 1.343484222614684531e-01 1.140863500092004074e-01 9.361322534867587419e-02 7.384218899865775676e-02 5.580446771924338356e-02 4.043955886179677328e-02 2.826553011023419035e-02 1.917359783608001134e-02 1.258040057878345372e-02 7.901524555806314215e-03 4.728396952931809144e-03 2.693046959006557047e-03 1.456273672671628801e-03 7.446631829045813550e-04 3.587035483009582771e-04 1.623032917655767131e-04 6.884861073522677082e-05 2.736986543716895870e-05 1.020981336038341225e-05 3.581575284792091279e-06 1.184195431932410347e-06 3.697695785825641805e-07 1.092274235801348791e-07 3.056754679662252952e-08 8.115044090885321019e-09 2.046260575242088159e-09 4.906748431114786218e-10 1.120235251127360358e-10 2.437979918820381429e-11 5.063893786159253226e-12 1.005091100647165372e-12 1.908656692239750437e-13 3.472051496626520719e-14 6.057739552129895042e-15 1.014904840774943723e-15 1.634756661912306881e-16 2.535304609292821186e-17 3.805358705357632121e-18 5.541404045411670107e-19 4.720234045057502550e-20 -1.250599340317587975e-20 -3.974157556274458978e-22
-1.049156281692668218e-20 3.873775637185809959e-20 5.106216579111389146e-19 3.576171658782340868e-18 2.430641944495825114e-17 1.600132412726460952e-16 1.014904840774942934e-15 6.192905587171694522e-15 3.631153299628153101e-14 2.043404076720740739e-13 1.102284211877834802e-12 5.692795062313289134e-12 2.811312617649190707e-11 1.325874670181442546e-10 5.964379154218028420e-10 2.555994321775817594e-09 1.042198396032290597e-08 4.038290737084998180e-08 1.485077040333846459e-07 5.176328202882441167e-07 1.707563932223387994e-06 5.322106293243039271e-06 1.564146915204206958e-05 4.324540772866271207e-05 1.121940858189722121e-04 2.725690768442803544e-04 6.196795879878080069e-04 1.319751683547365929e-03 2.641226679014434513e-03 4.987613848479946141e-03 8.901970429279730188e-03 1.503781047199964985e-02 2.432950502634423362e-02 3.808856381356729576e-02 5.710653595896517803e-02 8.093135972586870674e-02 1.081957817852289144e-01 1.373602539943948875e-01 1.670803799405028989e-01 1.962770917669336423e-01 2.241390511390275175e-01 2.500830763396935108e-01 2.737016410507329134e-01 2.947143707988553185e-01 3.129405648308694055e-01 3.282677507447853138e-01 3.406197247649550008e-01 3.499379123549754556e-01 3.561767451890979208e-01 3.593045134698909515e-01 3.593045134698913401e-01 3.561767451890984759e-01 3.499379123549755666e-01 3.406197247649552784e-01 3.282677507447853138e-01 3.129405648308699051e-01 2.947143707988552630e-01 2.737016410507331354e-01 2.500830763396934553e-01 2.241390511390269902e-01 1.962770917669334203e-01 1.670803799405027323e-01 1.373602539943947209e-01 1.081957817852288867e-01 8.093135972586865123e-02 5.710653595896515722e-02 3.808856381356724025e-02 2.432950502634419199e-02 1.503781047199962209e-02 8.901970429279711106e-03 4.987613848479933130e-03 2.641226679014423671e-03 1.319751683547360725e-03 6.196795879878052964e-04 2.725690768442794328e-04 1.121940858189719411e-04 4.324540772866265108e-05 1.564146915204205941e-05 5.322106293243038424e-06 1.707563932223388417e-06 5.176328202882444343e-07 1.485077040333848048e-07 4.038290737085000165e-08 1.042198396032291424e-08 2.555994321775820489e-09 5.964379154218029454e-10 1.325874670181442029e-10 2.811312617649191030e-11 5.692795062313292365e-12 1.102284211877835206e-12 2.043404076720741497e-13 3.631153299628157519e-14 6.192905587171703200e-15 1.014904840774943723e-15 1.600132412726461445e-16 2.430641944495826038e-17 3.576171658782344719e-18 5.106216579111390109e-19 3.873775637185809959e-20 -1.049156281692667917e-20
2.470398913727998544e-20 4.505986657217940185e-19 3.225175148058151960e-18 2.233961986223772610e-17 1.500540950803860306e-16 9.717185300779359166e-16 6.057739552129889520e-15 3.631153299628153101e-14 2.090379483794104670e-13 1.154315049622602120e-12 6.106673240378396802e-12 3.091161569181769604e-11 1.495295755259012901e-10 6.903528667798456021e-10 3.038114695789342780e-09 1.272847172392837937e-08 5.070300175169257749e-08 1.917832115199100558e-07 6.878822699278273584e-07 2.336147223823420901e-06 7.499610297088945796e-06 2.271267260731654180e-05 6.473696090154900176e-05 1.731775755899875909e-04 4.336217745123522303e-04 1.014350331122665979e-03 2.217728561220267715e-03 4.545920756302035057e-03 8.742230475607820628e-03 1.580014757365140118e-02 2.731790941370478010e-02 4.540761238498665364e-02 7.087947076834867632e-02 1.024795102689285697e-01 1.380597042271893837e-01 1.756135008437470502e-01 2.135541774163682016e-01 2.506983081671380065e-01 2.861897571322992162e-01 3.194353345253334031e-01 3.500610439560015164e-01 3.778368478279234277e-01 4.026173981254763112e-01 4.243176752891096859e-01 4.429141859339729148e-01 4.584149137685176734e-01 4.708122624096299225e-01 4.800778979323708784e-01 4.862064437781017379e-01 4.892431322581448083e-01 4.892431322581449193e-01 4.862064437781021264e-01 4.800778979323711004e-01 4.708122624096300890e-01 4.584149137685181730e-01 4.429141859339735254e-01 4.243176752891097969e-01 4.026173981254764778e-01 3.778368478279233167e-01 3.500610439560012388e-01 3.194353345253330700e-01 2.861897571322988831e-01 2.506983081671379510e-01 2.135541774163682016e-01 1.756135008437469114e-01 1.380597042271893837e-01 1.024795102689284032e-01 7.087947076834856530e-02 4.540761238498651486e-02 2.731790941370472806e-02 1.580014757365134567e-02 8.742230475607784199e-03 4.545920756302019444e-03 2.217728561220260342e-03 1.014350331122662943e-03 4.336217745123515798e-04 1.731775755899872928e-04 6.473696090154896110e-05 2.271267260731654858e-05 7.499610297088950878e-06 2.336147223823422171e-06 6.878822699278282054e-07 1.917832115199102146e-07 5.070300175169262381e-08 1.272847172392839757e-08 3.038114695789344434e-09 6.903528667798458089e-10 1.495295755259013160e-10 3.091161569181770250e-11 6.106673240378396802e-12 1.154315049622602726e-12 2.090379483794106942e-13 3.631153299628156888e-14 6.057739552129892675e-15 9.717185300779365083e-16 1.500540950803860799e-16 2.233961986223773843e-17 3.225175148058152731e-18 4.505986657217938259e-19 2.470398913727992225e-20
3.361184377888246260e-19 2.813517557773867766e-18 1.966369953938717851e-17 1.348053257457969333e-16 8.907207639935344433e-16 5.669497481751437646e-15 3.472051496626518825e-14 2.043404076720740739e-13 1.154315049622602120e-12 6.251153279081905645e-12 3.241275427915188005e-11 1.607086855033503276e-10 7.609809523103152290e-10 3.436846575738261924e-09 1.478553313770625323e-08 6.051151963442914162e-08 2.352803249983949661e-07 8.679155338221476497e-07 3.032948118625796054e-06 1.002349177706646579e-05 3.126674316928894771e-05 9.183594473636771298e-05 2.532501819539828081e-04 6.535501631597437746e-04 1.573877974829122591e-03 3.536834379028550284e-03 7.411843745529003540e-03 1.447825315685272694e-02 2.689352277439559583e-02 4.769317332946041571e-02 7.796215006613893550e-02 1.158146069009830248e-01 1.583986964706718958e-01 2.031971014685353683e-01 2.483294689804867172e-01 2.924957794202472927e-01 3.348243403831520637e-01 3.747178884483686190e-01 4.117811875777743214e-01 4.457776335369124099e-01 4.765809898296400338e-01 5.041180416668398223e-01 5.283690074504110434e-01 5.493580208616426486e-01 5.671507247053750866e-01 5.818250834463416510e-01 5.934386868167177420e-01 6.020224555703349578e-01 6.076312583462314398e-01 6.103802850704324046e-01 6.103802850704324046e-01 6.076312583462314398e-01 6.020224555703347358e-01 5.934386868167174089e-01 5.818250834463413179e-01 5.671507247053753087e-01 5.493580208616433147e-01 5.283690074504115985e-01 5.041180416668403774e-01 4.765809898296405334e-01 4.457776335369123544e-01 4.117811875777743214e-01 3.747178884483686745e-01 3.348243403831520082e-01 2.924957794202473482e-01 2.483294689804866617e-01 2.031971014685354793e-01 1.583986964706718126e-01 1.158146069009829693e-01 7.796215006613879672e-02 4.769317332946025612e-02 2.689352277439546746e-02 1.447825315685265929e-02 7.411843745528969712e-03 3.536834379028536406e-03 1.573877974829118254e-03 6.535501631597427988e-04 2.532501819539827539e-04 9.183594473636778074e-05 3.126674316928898837e-05 1.002349177706648273e-05 3.032948118625799442e-06 8.679155338221486026e-07 2.352803249983954425e-07 6.051151963442920779e-08 1.478553313770627308e-08 3.436846575738264405e-09 7.609809523103159527e-10 1.607086855033504051e-10 3.241275427915188651e-11 6.251153279081908069e-12 1.154315049622602928e-12 2.043404076720742254e-13 3.472051496626519457e-14 5.669497481751438435e-15 8.907207639935342461e-16 1.348053257457969333e-16 1.966369953938717543e-17 2.813517557773865840e-18 3.361184377888244815e-19
1.986674646917893058e-18 1.686598715080962809e-17 1.158450617357755172e-16 7.816257255086012293e-16 5.076352689936388673e-15 3.174250635812777020e-14 1.908656692239749680e-13 1.102284211877834802e-12 6.106673240378396802e-12 3.241275427915188005e-11 1.646163640657862337e-10 7.989410266375316666e-10 3.700623715278970893e-09 1.633740399688897608e-08 6.865346485276349744e-08 2.742364432519274114e-07 1.039826430179976219e-06 3.736950622280940282e-06 1.270774382273317757e-05 4.080987817182880911e-05 1.234718282634113316e-04 3.509025903467635483e-04 9.333309430275934159e-04 2.315640999783706230e-03 5.346235811579060429e-03 1.143166379229948806e-02 2.295835167114970016e-02 4.392272820172601899e-02 7.649720991141190085e-02 1.186221228914782905e-01 1.667196847728857345e-01 2.176579455189338874e-01 2.691646663361306757e-01 3.197302828109176986e-01 3.684068258644345173e-01 4.145811852129110964e-01 4.578090484957089146e-01 4.977433092309043738e-01 5.341645742993766932e-01 5.669683822848207155e-01 5.961211605880392117e-01 6.216413047209286002e-01 6.436430146920621986e-01 6.623038874113277297e-01 6.778097594722063413e-01 6.903281269199543768e-01 7.000304263767420654e-01 7.070908124857923083e-01 7.116740909974745843e-01 7.139199646492039308e-01 7.139199646492042639e-01 7.116740909974744733e-01 7.070908124857918642e-01 7.000304263767418433e-01 6.903281269199547099e-01 6.778097594722066743e-01 6.623038874113283958e-01 6.436430146920629758e-01 6.216413047209287113e-01 5.961211605880388786e-01 5.669683822848207155e-01 5.341645742993763601e-01 4.977433092309039298e-01 4.578090484957090256e-01 4.145811852129112629e-01 3.684068258644346838e-01 3.197302828109175321e-01 2.691646663361305647e-01 2.176579455189339152e-01 1.667196847728856235e-01 1.186221228914780268e-01 7.649720991141173432e-02 4.392272820172585246e-02 2.295835167114960301e-02 1.143166379229945510e-02 5.346235811579046551e-03 2.315640999783704496e-03 9.333309430275931991e-04 3.509025903467636568e-04 1.234718282634114401e-04 4.080987817182884977e-05 1.270774382273318266e-05 3.736950622280945788e-06 1.039826430179977913e-06 2.742364432519277291e-07 6.865346485276356362e-08 1.633740399688898270e-08 3.700623715278974201e-09 7.989410266375322870e-10 1.646163640657864147e-10 3.241275427915189297e-11 6.106673240378399225e-12 1.102284211877835206e-12 1.908656692239749932e-13 3.174250635812775758e-14 5.076352689936386307e-15 7.816257255086011307e-16 1.158450617357754433e-16 1.686598715080960344e-17 1.986674646917889977e-18
1.144643355865099866e-17 9.706611280817740199e-17 6.554623257972238965e-16 4.348161961436071263e-15 2.774279508682850817e-14 1.703353799604296595e-13 1.005091100647164766e-12 5.692795062313289134e-12 3.091161569181769604e-11 1.607086855033503276e-10 7.989410266375316666e-10 3.792946551458664306e-09 1.717306372315680522e-08 7.405304272527556256e-08 3.037145122522346261e-07 1.183037184206386923e-06 4.370051513561626541e-06 1.528299160406373634e-05 5.050428476527637155e-05 1.573337060308651258e-04 4.606781247119872205e-04 1.262865017986839183e-03 3.228681137520667769e-03 7.651583769175316317e-03 1.678527850019698175e-02 3.498888706692918071e-02 6.657137863333410788e-02 1.104191283957498687e-01 1.622758446048286063e-01 2.181764305358741551e-01 2.752972778112682817e-01 3.318250089324830121e-01 3.866220863107854844e-01 4.389367547097008937e-01 4.882082691919216177e-01 5.339496759807776938e-01 5.757414136975063101e-01 6.132937094845467563e-01 6.465071455782034349e-01 6.754359574321054938e-01 7.002341858878387004e-01 7.211276587699179119e-01 7.384491098893299910e-01 7.525880019357630291e-01 7.639069103488308476e-01 7.726987215057480318e-01 7.792523204177853602e-01 7.838884663591200175e-01 7.868829884794816820e-01 7.883664691152201254e-01 7.883664691152204584e-01 7.868829884794802387e-01 7.838884663591192403e-01 7.792523204177854712e-01 7.726987215057485869e-01 7.639069103488302925e-01 7.525880019357634731e-01 7.384491098893302130e-01 7.211276587699191332e-01 7.002341858878387004e-01 6.754359574321057158e-01 6.465071455782026577e-01 6.132937094845464232e-01 5.757414136975067542e-01 5.339496759807778048e-01 4.882082691919226169e-01 4.389367547097012268e-01 3.866220863107857064e-01 3.318250089324830676e-01 2.752972778112682817e-01 2.181764305358741274e-01 1.622758446048285785e-01 1.104191283957496467e-01 6.657137863333392747e-02 3.498888706692907663e-02 1.678527850019694359e-02 7.651583769175303307e-03 3.228681137520665167e-03 1.262865017986839183e-03 4.606781247119873831e-04 1.573337060308654240e-04 5.050428476527639866e-05 1.528299160406374990e-05 4.370051513561628235e-06 1.183037184206387982e-06 3.037145122522347320e-07 7.405304272527560226e-08 1.717306372315680853e-08 3.792946551458666788e-09 7.989410266375319768e-10 1.607086855033503534e-10 3.091161569181770250e-11 5.692795062313290749e-12 1.005091100647164766e-12 1.703353799604296091e-13 2.774279508682849555e-14 4.348161961436069685e-15 6.554623257972236006e-16 9.706611280817736502e-17 1.144643355865097863e-17
6.377401146756787855e-17 5.360971673127569532e-16 3.555731964766136995e-15 2.317854768451245945e-14 1.452154311086854257e-13 8.749983820953616043e-13 5.063893786159246764e-12 2.811312617649190707e-11 1.495295755259012901e-10 7.609809523103152290e-10 3.700623715278970893e-09 1.717306372315680522e-08 7.594526551585981152e-08 3.196171214451627560e-07 1.278240333491619597e-06 4.850547955337040313e-06 1.743604715326778508e-05 5.926044921443958402e-05 1.899959110180970739e-04 5.729464431550715170e-04 1.618496557726121013e-03 4.263418465448611666e-03 1.037911229893473050e-02 2.362144856620944366e-02 5.022593949751916892e-02 9.225775383619180814e-02 1.455154209546412059e-01 2.049214061544117893e-01 2.667584055506181384e-01 3.287319891623636803e-01 3.894477600985468135e-01 4.479226245515721683e-01 5.033095574549315554e-01 5.548467552835717465e-01 6.018944726536435974e-01 6.439634083982377355e-01 6.807731680901735194e-01 7.122915193576473403e-01 7.387154709556849053e-01 7.603992006585844621e-01 7.777903447700595940e-01 7.914066030765681825e-01 8.018176737974330726e-01 8.095808382633802314e-01 8.152031244516740882e-01 8.191100276312133222e-01 8.216892243086058034e-01 8.233250105539404728e-01 8.243306310686355776e-01 8.248333600418000788e-01 8.248333600417998568e-01 8.243306310686353555e-01 8.233250105539411390e-01 8.216892243086060255e-01 8.191100276312135442e-01 8.152031244516740882e-01 8.095808382633805644e-01 8.018176737974341828e-01 7.914066030765695148e-01 7.777903447700608153e-01 7.603992006585846841e-01 7.387154709556844612e-01 7.122915193576466741e-01 6.807731680901732974e-01 6.439634083982377355e-01 6.018944726536439305e-01 5.548467552835724126e-01 5.033095574549318885e-01 4.479226245515723903e-01 3.894477600985468135e-01 3.287319891623638468e-01 2.667584055506180274e-01 2.049214061544116783e-01 1.455154209546411226e-01 9.225775383619162773e-02 5.022593949751909259e-02 2.362144856620941938e-02 1.037911229893473050e-02 4.263418465448611666e-03 1.618496557726121230e-03 5.729464431550718422e-04 1.899959110180972366e-04 5.926044921443967211e-05 1.743604715326782574e-05 4.850547955337042854e-06 1.278240333491620444e-06 3.196171214451629149e-07 7.594526551585981152e-08 1.717306372315680522e-08 3.700623715278972961e-09 7.609809523103155391e-10 1.495295755259012384e-10 2.811312617649190384e-11 5.063893786159248380e-12 8.749983820953613014e-13 1.452154311086852995e-13 2.317854768451244683e-14 3.555731964766135418e-15 5.360971673127569532e-16 6.377401146756784157e-17
3.409048981239835363e-16 2.837228715207432938e-15 1.847042761658144710e-14 1.182558446307603904e-13 7.271345328537301815e-13 4.297531034945150047e-12 2.437979918820380137e-11 1.325874670181442546e-10 6.903528667798456021e-10 3.436846575738261924e-09 1.633740399688897608e-08 7.405304272527556256e-08 3.196171214451627560e-07 1.311643679831725595e-06 5.110231687441009470e-06 1.887082480404218775e-05 6.592690722101157686e-05 2.174157544161738368e-04 6.749063101682072725e-04 1.964100787225841679e-03 5.331479118661403699e-03 1.337173333751696426e-02 3.166597726999243606e-02 6.699195148271640254e-02 1.180489524059332440e-01 1.787959178342365396e-01 2.440879022320698588e-01 3.107419594434503995e-01 3.769520221695266127e-01 4.414883887272472163e-01 5.031869494589213954e-01 5.608684398968457607e-01 6.134723475551757677e-01 6.602191472100114034e-01 7.006611507219157042e-01 7.346580739597994292e-01 7.623655825776611827e-01 7.841835823975118469e-01 8.006833719600987553e-01 8.125179920019318658e-01 8.203928017781474402e-01 8.250757294128540087e-01 8.273351447381818158e-01 8.278179817472161028e-01 8.270727183256845194e-01 8.256098794788782058e-01 8.239033898327396965e-01 8.223539884336653616e-01 8.212403697020214111e-01 8.206847124609409905e-01 8.206847124609408795e-01 8.212403697020224103e-01 8.223539884336674710e-01 8.239033898327414729e-01 8.256098794788792050e-01 8.270727183256854076e-01 8.278179817472165469e-01 8.273351447381822599e-01 8.250757294128551189e-01 8.203928017781491056e-01 8.125179920019320878e-01 8.006833719600987553e-01 7.841835823975110698e-01 7.623655825776592954e-01 7.346580739597987630e-01 7.006611507219153712e-01 6.602191472100105152e-01 6.134723475551755456e-01 5.608684398968459828e-01 5.031869494589217284e-01 4.414883887272470497e-01 3.769520221695264461e-01 3.107419594434505106e-01 2.440879022320700531e-01 1.787959178342367061e-01 1.180489524059331330e-01 6.699195148271630540e-02 3.166597726999238055e-02 1.337173333751695906e-02 5.331479118661405434e-03 1.964100787225844282e-03 6.749063101682079230e-04 2.174157544161739995e-04 6.592690722101168528e-05 1.887082480404221146e-05 5.110231687441017093e-06 1.311643679831726654e-06 3.196171214451630207e-07 7.405304272527557579e-08 1.633740399688897608e-08 3.436846575738261924e-09 6.903528667798452919e-10 1.325874670181441512e-10 2.437979918820380137e-11 4.297531034945148431e-12 7.271345328537300805e-13 1.182558446307603904e-13 1.847042761658144710e-14 2.837228715207431755e-15 3.409048981239830432e-16
1.744480978695047082e-15 1.436946560867060487e-14 9.176330569625399591e-14 5.767654510136789162e-13 3.478839842200898576e-12 2.015642438829783909e-11 1.120235251127359841e-10 5.964379154218028420e-10 3.038114695789342780e-09 1.478553313770625323e-08 6.865346485276349744e-08 3.037145122522346261e-07 1.278240333491619597e-06 5.110231687441009470e-06 1.937484913444156094e-05 6.953650814401813479e-05 2.357376211871974069e-04 7.528547406170328291e-04 2.256259983366716657e-03 6.312003675758568952e-03 1.636856459559997076e-02 4.003271158347311565e-02 8.324239555344442598e-02 1.416876152481443552e-01 2.083820535044139388e-01 2.784948476975964149e-01 3.494264596246375310e-01 4.196309995903226286e-01 4.876667010373994526e-01 5.519266832830493907e-01 6.108249103074794295e-01 6.630978691713208528e-01 7.079530567012255471e-01 7.450973992691535264e-01 7.746172005720757259e-01 7.968621993413992355e-01 8.124519194650042797e-01 8.222025328838376002e-01 8.269894468932763587e-01 8.276877502411141840e-01 8.252003509754843869e-01 8.204327706286469457e-01 8.142345713417570296e-01 8.073058137096768005e-01 8.001885185844104242e-01 7.933780116359372414e-01 7.873695717489598289e-01 7.826053628202459533e-01 7.793796916108365336e-01 7.777833767555756284e-01 7.777833767555745181e-01 7.793796916108371997e-01 7.826053628202478407e-01 7.873695717489612722e-01 7.933780116359380186e-01 8.001885185844108683e-01 8.073058137096770226e-01 8.142345713417560304e-01 8.204327706286472788e-01 8.252003509754862742e-01 8.276877502411152943e-01 8.269894468932769138e-01 8.222025328838367120e-01 8.124519194650026144e-01 7.968621993413985694e-01 7.746172005720755038e-01 7.450973992691534153e-01 7.079530567012252140e-01 6.630978691713209638e-01 6.108249103074797626e-01 5.519266832830498348e-01 4.876667010373995081e-01 4.196309995903231838e-01 3.494264596246375865e-01 2.784948476975966924e-01 2.083820535044139388e-01 1.416876152481441054e-01 8.324239555344430108e-02 4.003271158347306014e-02 1.636856459559997076e-02 6.312003675758570687e-03 2.256259983366717525e-03 7.528547406170335880e-04 2.357376211871975154e-04 6.953650814401820255e-05 1.937484913444157450e-05 5.110231687441014552e-06 1.278240333491620020e-06 3.037145122522346791e-07 6.865346485276351068e-08 1.478553313770625489e-08 3.038114695789343194e-09 5.964379154218030488e-10 1.120235251127360229e-10 2.015642438829784878e-11 3.478839842200897769e-12 5.767654510136789162e-13 9.176330569625395804e-14 1.436946560867059540e-14 1.744480978695044912e-15
